4.759546181527388731e-01
4.759546181527388731e-01
4.759546181527388731e-01
4.759546181527388731e-01
4.759546181527388731e-01
4.759546181527388731e-01
4.759546181527388731e-01
4.759546181527388731e-01
4.759546181527388731e-01
4.759546181527388731e-01
4.759546181527388731e-01
4.759546181527388731e-01
4.759546181527388731e-01
4.759546181527388731e-01
4.759546181527388731e-01
4.759546181527388731e-01
4.759546181527388731e-01
4.759546181527388731e-01
4.759546181527388731e-01
4.759546181527388731e-01
4.759546181527388731e-01
4.759546181527388731e-01
4.759546181527388731e-01
4.759546181527388731e-01
4.759546181527388731e-01
4.759546181527388731e-01
4.759546181527388731e-01
4.759546181527388731e-01
4.759546181527388731e-01
4.759546181527388731e-01
4.759546181527388731e-01
4.759546181527388731e-01
4.759546181527388731e-01
4.759546181527388731e-01
4.759546181527388731e-01
4.759546181527388731e-01
4.759546181527388731e-01
4.759546181527388731e-01
4.759546181527388731e-01
4.759546181527388731e-01
4.759546181527388731e-01
4.759546181527388731e-01
4.759546181527388731e-01
4.759546181527388731e-01
4.759546181527388731e-01
4.759546181527388731e-01
4.759546181527388731e-01
4.759546181527388731e-01
4.759546181527388731e-01
4.759546181527388731e-01
4.759546181527388731e-01
4.759546181527388731e-01
4.759546181527388731e-01
4.759546181527388731e-01
4.759546181527388731e-01
4.759546181527388731e-01
4.759546181527388731e-01
4.759546181527388731e-01
4.759546181527388731e-01
4.759546181527388731e-01
4.759546181527388731e-01
4.759546181527388731e-01
4.759546181527388731e-01
4.759546181527388731e-01
4.759546181527388731e-01
4.759546181527388731e-01
4.759546181527388731e-01
4.759546181527388731e-01
4.759546181527388731e-01
4.759546181527388731e-01
4.759546181527388731e-01
4.759546181527388731e-01
4.759546181527388731e-01
4.759546181527388731e-01
4.759546181527388731e-01
4.759546181527388731e-01
4.759546181527388731e-01
4.759546181527388731e-01
4.759546181527388731e-01
4.759546181527388731e-01
4.759546181527388731e-01
4.759546181527388731e-01
4.759546181527388731e-01
4.759546181527388731e-01
4.759546181527388731e-01
4.759546181527388731e-01
4.759546181527388731e-01
4.759546181527388731e-01
4.759546181527388731e-01
4.759546181527388731e-01
4.759546181527388731e-01
4.759546181527388731e-01
4.759546181527388731e-01
4.759546181527388731e-01
4.759546181527388731e-01
4.759546181527388731e-01
4.759546181527388731e-01
4.759546181527388731e-01
4.759546181527388731e-01
4.759546181527388731e-01
4.759546181527388731e-01
4.759546181527388731e-01
4.759546181527388731e-01
4.759546181527388731e-01
4.759546181527388731e-01
4.759546181527388731e-01
4.759546181527388731e-01
4.759546181527388731e-01
4.759546181527388731e-01
4.759546181527388731e-01
4.759546181527388731e-01
4.759546181527388731e-01
4.759546181527388731e-01
4.759546181527388731e-01
4.759546181527388731e-01
4.759546181527388731e-01
4.759546181527388731e-01
4.759546181527388731e-01
4.763966146874582530e-01
4.781867786218844674e-01
4.799769425563106817e-01
4.817671064907368961e-01
4.835572704251631104e-01
4.853474343595893248e-01
4.871375982940155391e-01
4.888139188768935162e-01
4.903745746145984352e-01
4.919352303523033543e-01
4.934958860900083288e-01
4.950565418277132479e-01
4.966171975654181669e-01
4.981778533031230860e-01
4.996346751775479489e-01
5.010559866529578077e-01
5.024772981283676110e-01
5.038986096037774143e-01
5.053199210791872176e-01
5.067412325545971319e-01
5.081625440300069352e-01
5.095838555054167385e-01
5.108582317073169232e-01
5.121104858056776399e-01
5.133627399040382455e-01
5.146149940023989622e-01
5.158672481007595678e-01
5.171195021991202845e-01
5.183717562974808901e-01
5.196240103958416068e-01
5.208762644942022124e-01
5.220388744502197920e-01
5.231878498600558425e-01
5.243368252698918930e-01
5.254858006797280545e-01
5.266347760895641050e-01
5.277837514994001555e-01
5.289327269092362060e-01
5.300817023190722566e-01
5.312306777289083071e-01
5.323048009685014126e-01
5.333674239193211264e-01
5.344300468701407292e-01
5.354926698209604430e-01
5.365552927717801568e-01
5.376179157225997596e-01
5.386805386734194734e-01
5.397431616242391872e-01
5.408057845750587900e-01
5.418684075258785038e-01
5.428661079568172232e-01
5.438410587764893611e-01
5.448160095961614990e-01
5.457909604158336370e-01
5.467659112355057749e-01
5.477408620551779128e-01
5.487158128748500507e-01
5.496907636945221887e-01
5.506657145141943266e-01
5.516406653338664645e-01
5.526156161535386024e-01
5.535541999200319641e-01
5.544547900839664756e-01
5.553553802479008761e-01
5.562559704118352766e-01
5.571565605757696771e-01
5.580571507397040776e-01
5.589577409036384781e-01
5.598583310675728786e-01
5.607589212315073901e-01
5.616595113954417906e-01
5.625601015593761911e-01
5.634448075315328097e-01
5.642785482170766809e-01
5.651122889026206630e-01
5.659460295881646452e-01
5.667797702737086274e-01
5.676135109592526096e-01
5.684472516447965917e-01
5.692809923303405739e-01
5.701147330158845561e-01
5.709484737014285383e-01
5.717822143869724094e-01
5.726159550725163916e-01
5.734496957580603738e-01
5.742473277355724104e-01
5.750391310142609624e-01
5.758309342929494035e-01
5.766227375716379555e-01
5.774145408503265076e-01
5.782063441290149486e-01
5.789981474077035006e-01
5.797899506863920527e-01
5.805817539650804937e-01
5.813735572437690458e-01
5.821653605224575978e-01
5.829571638011460388e-01
5.837489670798345909e-01
5.845107328497171073e-01
5.852189295710286121e-01
5.859271262923401169e-01
5.866353230136515107e-01
5.873435197349630155e-01
5.880517164562745203e-01
5.887599131775860251e-01
5.894681098988975299e-01
5.901763066202090346e-01
5.908845033415204284e-01
5.915927000628319332e-01
5.923008967841434380e-01
5.930090935054549428e-01
5.937172902267664476e-01
5.944254869480778414e-01
5.950756931989108489e-01
5.957047095923535540e-01
5.963337259857961481e-01
5.969627423792387422e-01
5.975917587726813363e-01
5.982207751661240414e-01
5.988497915595666354e-01
5.994788079530092295e-01
6.001078243464518236e-01
6.007368407398945287e-01
6.013658571333371228e-01
6.019948735267797169e-01
6.026238899202223109e-01
6.032529063136650160e-01
6.038819227071076101e-01
6.045109391005502042e-01
6.051399554939927983e-01
6.056810265762975209e-01
6.062072078684865861e-01
6.067333891606755403e-01
6.072595704528646054e-01
6.077857517450535596e-01
6.083119330372426248e-01
6.088381143294315789e-01
6.093642956216206441e-01
6.098904769138095983e-01
6.104166582059985524e-01
6.109428394981876176e-01
6.114690207903765717e-01
6.119952020825656369e-01
6.125213833747545911e-01
6.130475646669436562e-01
6.135737459591326104e-01
6.140999272513216756e-01
6.146261085435106297e-01
6.151522898356996949e-01
6.155749308357464367e-01
6.159588354557166134e-01
6.163427400756869012e-01
6.167266446956570780e-01
6.171105493156272548e-01
6.174944539355974316e-01
6.178783585555676083e-01
6.182622631755377851e-01
6.186461677955079619e-01
6.190300724154781387e-01
6.194139770354484265e-01
6.197978816554186032e-01
6.201817862753887800e-01
6.205656908953589568e-01
6.209495955153291336e-01
6.213335001352993103e-01
6.217174047552694871e-01
6.221013093752396639e-01
6.224852139952098407e-01
6.228691186151801285e-01
6.232530232351503052e-01
6.236369278551204820e-01
6.239894024208497703e-01
6.242335156846351429e-01
6.244776289484205156e-01
6.247217422122058883e-01
6.249658554759913720e-01
6.252099687397767447e-01
6.254540820035621174e-01
6.256981952673474900e-01
6.259423085311329737e-01
6.261864217949183464e-01
6.264305350587037191e-01
6.266746483224890918e-01
6.269187615862744645e-01
6.271628748500599482e-01
6.274069881138453209e-01
6.276511013776306935e-01
6.278952146414160662e-01
6.281393279052015499e-01
6.283834411689869226e-01
6.286275544327722953e-01
6.288716676965576680e-01
6.291157809603431517e-01
6.293598942241285243e-01
6.296040074879138970e-01
6.298481207516992697e-01
6.300310439460579115e-01
6.301454186920273370e-01
6.302597934379966516e-01
6.303741681839660771e-01
6.304885429299355026e-01
6.306029176759048172e-01
6.307172924218742427e-01
6.308316671678435572e-01
6.309460419138129827e-01
6.310604166597824083e-01
6.311747914057517228e-01
6.312891661517211483e-01
6.314035408976904629e-01
6.315179156436598884e-01
6.316322903896293139e-01
6.317466651355986285e-01
6.318610398815680540e-01
6.319754146275373685e-01
6.320897893735067941e-01
6.322041641194762196e-01
6.323185388654455341e-01
6.324329136114149597e-01
6.325472883573842742e-01
6.326616631033536997e-01
6.327760378493231253e-01
6.328143725980681644e-01
6.328229080268719109e-01
6.328314434556755463e-01
6.328399788844792928e-01
6.328485143132829283e-01
6.328570497420866747e-01
6.328655851708903102e-01
6.328741205996939456e-01
6.328826560284976921e-01
6.328911914573013275e-01
6.328997268861050740e-01
6.329082623149087095e-01
6.329167977437124559e-01
6.329253331725160914e-01
6.329338686013198378e-01
6.329424040301234733e-01
6.329509394589271087e-01
6.329594748877308552e-01
6.329680103165344907e-01
6.329765457453382371e-01
6.329850811741418726e-01
6.329936166029456190e-01
6.330021520317492545e-01
6.330106874605530010e-01
6.330192228893566364e-01
6.329684385749831943e-01
6.329155189164004103e-01
6.328625992578175152e-01
6.328096795992346202e-01
6.327567599406518362e-01
6.327038402820689411e-01
6.326509206234861571e-01
6.325980009649032620e-01
6.325450813063204780e-01
6.324921616477375830e-01
6.324392419891546879e-01
6.323863223305719039e-01
6.323334026719890089e-01
6.322804830134062248e-01
6.322275633548233298e-01
6.321746436962405458e-01
6.321217240376576507e-01
6.320688043790747557e-01
6.320158847204919716e-01
6.319629650619090766e-01
6.319100454033262926e-01
6.318571257447433975e-01
6.318042060861606135e-01
6.317512864275777185e-01
6.316896786739849556e-01
6.315957889571444106e-01
6.315018992403038656e-01
6.314080095234633205e-01
6.313141198066227755e-01
6.312202300897822305e-01
6.311263403729416854e-01
6.310324506561011404e-01
6.309385609392605954e-01
6.308446712224200503e-01
6.307507815055795053e-01
6.306568917887389603e-01
6.305630020718984152e-01
6.304691123550578702e-01
6.303752226382173252e-01
6.302813329213767801e-01
6.301874432045363461e-01
6.300935534876958011e-01
6.299996637708552560e-01
6.299057740540147110e-01
6.298118843371741660e-01
6.297179946203336209e-01
6.296241049034930759e-01
6.295302151866525309e-01
6.294363254698119858e-01
6.293416524299370041e-01
6.292460556273357097e-01
6.291504588247345264e-01
6.290548620221332321e-01
6.289592652195319378e-01
6.288636684169306434e-01
6.287680716143293491e-01
6.286724748117281658e-01
6.285768780091268715e-01
6.284812812065255772e-01
6.283856844039242828e-01
6.282900876013230995e-01
6.281944907987218052e-01
6.280988939961205109e-01
6.280032971935192165e-01
6.279077003909180332e-01
6.278121035883167389e-01
6.277165067857154446e-01
6.276209099831141502e-01
6.275253131805128559e-01
6.274297163779116726e-01
6.273341195753103783e-01
6.272385227727090840e-01
6.271429259701077896e-01
6.270473291675066063e-01
6.269613695017860477e-01
6.268794293852707478e-01
6.267974892687553368e-01
6.267155491522399258e-01
6.266336090357245148e-01
6.265516689192092148e-01
6.264697288026938038e-01
6.263877886861783928e-01
6.263058485696630928e-01
6.262239084531476818e-01
6.261419683366322708e-01
6.260600282201168598e-01
6.259780881036015598e-01
6.258961479870861488e-01
6.258142078705707378e-01
6.257322677540554379e-01
6.256503276375400269e-01
6.255683875210246159e-01
6.254864474045092049e-01
6.254045072879939049e-01
6.253225671714784939e-01
6.252406270549630829e-01
6.251586869384477829e-01
6.250767468219323719e-01
6.249948067054169609e-01
6.249275002395735523e-01
6.248609238949047739e-01
6.247943475502361066e-01
6.247277712055673282e-01
6.246611948608985498e-01
6.245946185162298825e-01
6.245280421715611041e-01
6.244614658268923257e-01
6.243948894822236584e-01
6.243283131375548800e-01
6.242617367928861016e-01
6.241951604482174343e-01
6.241285841035486559e-01
6.240620077588798775e-01
6.239954314142112102e-01
6.239288550695424318e-01
6.238622787248736534e-01
6.237957023802049861e-01
6.237291260355362077e-01
6.236625496908674293e-01
6.235959733461987620e-01
6.235293970015299836e-01
6.234628206568612052e-01
6.233962443121925379e-01
6.233364718575380437e-01
6.233040372280840291e-01
6.232716025986300146e-01
6.232391679691760000e-01
6.232067333397219855e-01
6.231742987102679709e-01
6.231418640808139564e-01
6.231094294513599419e-01
6.230769948219059273e-01
6.230445601924519128e-01
6.230121255629978982e-01
6.229796909335438837e-01
6.229472563040899802e-01
6.229148216746359656e-01
6.228823870451819511e-01
6.228499524157279366e-01
6.228175177862739220e-01
6.227850831568199075e-01
6.227526485273658929e-01
6.227202138979118784e-01
6.226877792684578639e-01
6.226553446390038493e-01
6.226229100095498348e-01
6.225904753800958202e-01
6.225580407506418057e-01
6.225309367162225049e-01
6.225104516870937355e-01
6.224899666579648549e-01
6.224694816288359744e-01
6.224489965997072050e-01
6.224285115705783245e-01
6.224080265414494439e-01
6.223875415123206745e-01
6.223670564831917940e-01
6.223465714540629135e-01
6.223260864249341440e-01
6.223056013958052635e-01
6.222851163666763830e-01
6.222646313375475025e-01
6.222441463084187330e-01
6.222236612792898525e-01
6.222031762501609720e-01
6.221826912210322025e-01
6.221622061919033220e-01
6.221417211627744415e-01
6.221212361336456720e-01
6.221007511045167915e-01
6.220802660753879110e-01
6.220597810462591415e-01
6.220392960171302610e-01
6.220211766533055853e-01
6.220041057956982034e-01
6.219870349380908214e-01
6.219699640804834395e-01
6.219528932228760576e-01
6.219358223652686757e-01
6.219187515076612938e-01
6.219016806500539118e-01
6.218846097924465299e-01
6.218675389348391480e-01
6.218504680772318771e-01
6.218333972196244952e-01
6.218163263620171133e-01
6.217992555044097314e-01
6.217821846468023494e-01
6.217651137891949675e-01
6.217480429315875856e-01
6.217309720739802037e-01
6.217139012163728218e-01
6.216968303587655509e-01
6.216797595011581690e-01
6.216626886435507870e-01
6.216456177859434051e-01
6.216285469283360232e-01
6.216114760707286413e-01
6.215960093648490448e-01
6.215806455930024121e-01
6.215652818211557795e-01
6.215499180493091469e-01
6.215345542774625143e-01
6.215191905056158816e-01
6.215038267337692490e-01
6.214884629619226164e-01
6.214730991900759838e-01
6.214577354182293512e-01
6.214423716463827185e-01
6.214270078745360859e-01
6.214116441026894533e-01
6.213962803308428207e-01
6.213809165589961880e-01
6.213655527871495554e-01
6.213501890153029228e-01
6.213348252434562902e-01
6.213194614716096575e-01
6.213040976997630249e-01
6.212887339279163923e-01
6.212733701560697597e-01
6.212580063842231270e-01
6.212426426123764944e-01
6.212234582200176769e-01
6.211876094190422748e-01
6.211517606180667617e-01
6.211159118170912485e-01
6.210800630161158464e-01
6.210442142151403333e-01
6.210083654141648202e-01
6.209725166131894181e-01
6.209366678122139049e-01
6.209008190112383918e-01
6.208649702102629897e-01
6.208291214092874766e-01
6.207932726083119634e-01
6.207574238073365613e-01
6.207215750063610482e-01
6.206857262053855351e-01
6.206498774044100220e-01
6.206140286034346198e-01
6.205781798024591067e-01
6.205423310014835936e-01
6.205064822005081915e-01
6.204706333995326784e-01
6.204347845985571652e-01
6.203989357975817631e-01
6.203630869966062500e-01
6.203124441132636946e-01
6.202424535970735286e-01
6.201724630808832517e-01
6.201024725646930857e-01
6.200324820485028088e-01
6.199624915323126428e-01
6.198925010161223659e-01
6.198225104999321999e-01
6.197525199837419230e-01
6.196825294675517570e-01
6.196125389513615911e-01
6.195425484351713141e-01
6.194725579189811482e-01
6.194025674027908712e-01
6.193325768866007053e-01
6.192625863704104283e-01
6.191925958542202624e-01
6.191226053380299854e-01
6.190526148218398195e-01
6.189826243056495425e-01
6.189126337894593766e-01
6.188426432732690996e-01
6.187726527570789337e-01
6.187026622408886567e-01
6.186326717246984908e-01
6.185452658605978815e-01
6.184496690579965872e-01
6.183540722553952929e-01
6.182584754527939985e-01
6.181628786501927042e-01
6.180672818475915209e-01
6.179716850449902266e-01
6.178760882423889322e-01
6.177804914397876379e-01
6.176848946371863436e-01
6.175892978345851603e-01
6.174937010319838659e-01
6.173981042293825716e-01
6.173025074267812773e-01
6.172069106241799830e-01
6.171113138215787997e-01
6.170157170189775053e-01
6.169201202163762110e-01
6.168245234137749167e-01
6.167289266111736223e-01
6.166333298085724390e-01
6.165377330059711447e-01
6.164421362033698504e-01
6.163465394007685560e-01
6.162509425981672617e-01
6.161300283192507887e-01
6.160071181444777277e-01
6.158842079697046668e-01
6.157612977949316058e-01
6.156383876201585448e-01
6.155154774453853728e-01
6.153925672706123118e-01
6.152696570958392508e-01
6.151467469210661898e-01
6.150238367462931288e-01
6.149009265715200678e-01
6.147780163967470068e-01
6.146551062219739459e-01
6.145321960472008849e-01
6.144092858724278239e-01
6.142863756976547629e-01
6.141634655228817019e-01
6.140405553481086409e-01
6.139176451733355799e-01
6.137947349985625189e-01
6.136718248237894580e-01
6.135489146490163970e-01
6.134260044742433360e-01
6.133030942994702750e-01
6.131754389153428741e-01
6.130252153683980465e-01
6.128749918214532189e-01
6.127247682745082802e-01
6.125745447275634525e-01
6.124243211806186249e-01
6.122740976336737972e-01
6.121238740867288586e-01
6.119736505397840309e-01
6.118234269928392033e-01
6.116732034458943756e-01
6.115229798989494370e-01
6.113727563520046093e-01
6.112225328050597817e-01
6.110723092581149540e-01
6.109220857111701264e-01
6.107718621642251877e-01
6.106216386172803601e-01
6.104714150703355324e-01
6.103211915233907048e-01
6.101709679764457661e-01
6.100207444295009385e-01
6.098705208825561108e-01
6.097202973356112832e-01
6.095700737886663445e-01
6.094148249790992677e-01
6.092526518318293061e-01
6.090904786845592334e-01
6.089283055372892717e-01
6.087661323900191990e-01
6.086039592427492373e-01
6.084417860954791646e-01
6.082796129482092029e-01
6.081174398009391302e-01
6.079552666536691685e-01
6.077930935063990958e-01
6.076309203591290231e-01
6.074687472118590614e-01
6.073065740645889887e-01
6.071444009173190270e-01
6.069822277700489543e-01
6.068200546227789927e-01
6.066578814755089200e-01
6.064957083282389583e-01
6.063335351809688856e-01
6.061713620336989239e-01
6.060091888864288512e-01
6.058470157391588895e-01
6.056848425918888168e-01
6.055226694446188551e-01
6.053548002286688323e-01
6.051840916525951242e-01
6.050133830765214160e-01
6.048426745004477079e-01
6.046719659243739997e-01
6.045012573483002916e-01
6.043305487722265834e-01
6.041598401961528753e-01
6.039891316200791671e-01
6.038184230440054590e-01
6.036477144679317508e-01
6.034770058918580427e-01
6.033062973157843345e-01
6.031355887397106263e-01
6.029648801636369182e-01
6.027941715875632100e-01
6.026234630114895019e-01
6.024527544354159048e-01
6.022820458593421966e-01
6.021113372832684885e-01
6.019406287071947803e-01
6.017699201311210722e-01
6.015992115550473640e-01
6.014285029789736559e-01
6.012577944028999477e-01
6.010917674252612697e-01
6.009261801064696984e-01
6.007605927876782381e-01
6.005950054688867779e-01
6.004294181500952066e-01
6.002638308313037463e-01
6.000982435125122860e-01
5.999326561937208258e-01
5.997670688749292545e-01
5.996014815561377942e-01
5.994358942373463339e-01
5.992703069185548737e-01
5.991047195997633024e-01
5.989391322809718421e-01
5.987735449621803818e-01
5.986079576433888105e-01
5.984423703245973503e-01
5.982767830058058900e-01
5.981111956870144297e-01
5.979456083682228584e-01
5.977800210494313982e-01
5.976144337306399379e-01
5.974488464118483666e-01
5.972832590930569063e-01
5.971187708387718507e-01
5.969600118630232766e-01
5.968012528872748135e-01
5.966424939115262394e-01
5.964837349357776652e-01
5.963249759600292021e-01
5.961662169842806280e-01
5.960074580085320539e-01
5.958486990327835908e-01
5.956899400570350167e-01
5.955311810812864426e-01
5.953724221055378685e-01
5.952136631297894054e-01
5.950549041540408313e-01
5.948961451782922571e-01
5.947373862025437941e-01
5.945786272267952199e-01
5.944198682510466458e-01
5.942611092752981827e-01
5.941023502995496086e-01
5.939435913238010345e-01
5.937848323480525714e-01
5.936260733723039973e-01
5.934673143965554232e-01
5.933085554208068491e-01
5.931518847006651551e-01
5.929982469821988289e-01
5.928446092637325027e-01
5.926909715452661764e-01
5.925373338267998502e-01
5.923836961083335240e-01
5.922300583898671977e-01
5.920764206714008715e-01
5.919227829529345453e-01
5.917691452344682190e-01
5.916155075160018928e-01
5.914618697975355666e-01
5.913082320790692403e-01
5.911545943606028031e-01
5.910009566421364768e-01
5.908473189236701506e-01
5.906936812052038244e-01
5.905400434867374981e-01
5.903864057682711719e-01
5.902327680498048457e-01
5.900791303313385194e-01
5.899254926128721932e-01
5.897718548944058670e-01
5.896182171759395407e-01
5.894645794574732145e-01
5.893187635689525194e-01
5.891770754508113273e-01
5.890353873326702461e-01
5.888936992145290539e-01
5.887520110963878617e-01
5.886103229782466695e-01
5.884686348601054773e-01
5.883269467419642851e-01
5.881852586238232039e-01
5.880435705056820117e-01
5.879018823875408195e-01
5.877601942693996273e-01
5.876185061512584351e-01
5.874768180331172429e-01
5.873351299149760507e-01
5.871934417968349695e-01
5.870517536786937773e-01
5.869100655605525851e-01
5.867683774424113929e-01
5.866266893242702007e-01
5.864850012061290085e-01
5.863433130879879274e-01
5.862016249698467352e-01
5.860599368517055430e-01
5.859182487335643508e-01
5.857827155088377591e-01
5.856478557337394530e-01
5.855129959586412580e-01
5.853781361835430630e-01
5.852432764084448680e-01
5.851084166333465619e-01
5.849735568582483669e-01
5.848386970831501719e-01
5.847038373080518658e-01
5.845689775329536708e-01
5.844341177578554758e-01
5.842992579827572808e-01
5.841643982076589747e-01
5.840295384325607797e-01
5.838946786574625847e-01
5.837598188823643897e-01
5.836249591072660836e-01
5.834900993321678886e-01
5.833552395570696936e-01
5.832203797819713875e-01
5.830855200068731925e-01
5.829506602317749975e-01
5.828158004566768025e-01
5.826809406815784964e-01
5.825468397764860251e-01
5.824171012586699669e-01
5.822873627408540198e-01
5.821576242230379616e-01
5.820278857052220145e-01
5.818981471874059563e-01
5.817684086695900092e-01
5.816386701517739510e-01
5.815089316339580039e-01
5.813791931161419457e-01
5.812494545983258876e-01
5.811197160805099404e-01
5.809899775626938823e-01
5.808602390448779351e-01
5.807305005270618770e-01
5.806007620092459298e-01
5.804710234914298717e-01
5.803412849736139245e-01
5.802115464557978664e-01
5.800818079379818082e-01
5.799520694201658610e-01
5.798223309023498029e-01
5.796925923845338557e-01
5.795628538667177976e-01
5.794331153489018504e-01
5.793027025553415532e-01
5.791712569517648568e-01
5.790398113481880493e-01
5.789083657446113529e-01
5.787769201410345454e-01
5.786454745374578490e-01
5.785140289338810415e-01
5.783825833303043451e-01
5.782511377267275376e-01
5.781196921231508412e-01
5.779882465195740338e-01
5.778568009159973373e-01
5.777253553124205299e-01
5.775939097088438334e-01
5.774624641052670260e-01
5.773310185016902185e-01
5.771995728981135221e-01
5.770681272945367146e-01
5.769366816909600182e-01
5.768052360873832107e-01
5.766737904838065143e-01
5.765423448802297068e-01
5.764108992766530104e-01
5.762794536730762029e-01
5.761480080694995065e-01
5.760154668711028325e-01
5.758823141817652758e-01
5.757491614924278300e-01
5.756160088030903843e-01
5.754828561137528276e-01
5.753497034244153818e-01
5.752165507350778251e-01
5.750833980457403793e-01
5.749502453564029336e-01
5.748170926670653769e-01
5.746839399777279311e-01
5.745507872883903744e-01
5.744176345990529287e-01
5.742844819097153719e-01
5.741513292203779262e-01
5.740181765310404804e-01
5.738850238417029237e-01
5.737518711523654780e-01
5.736187184630279212e-01
5.734855657736904755e-01
5.733524130843529187e-01
5.732192603950154730e-01
5.730861077056780273e-01
5.729529550163404705e-01
5.728198023270030248e-01
5.726790650681875539e-01
5.725373769500463617e-01
5.723956888319051695e-01
5.722540007137639773e-01
5.721123125956227851e-01
5.719706244774817039e-01
5.718289363593405117e-01
5.716872482411993195e-01
5.715455601230581273e-01
5.714038720049169351e-01
5.712621838867758539e-01
5.711204957686346617e-01
5.709788076504934695e-01
5.708371195323522773e-01
5.706954314142110851e-01
5.705537432960700039e-01
5.704120551779288117e-01
5.702703670597876195e-01
5.701286789416464273e-01
5.699869908235052351e-01
5.698453027053641540e-01
5.697036145872229618e-01
5.695619264690817696e-01
5.694202383509405774e-01
5.692787813800099794e-01
5.691388003476295365e-01
5.689988193152490936e-01
5.688588382828686507e-01
5.687188572504882078e-01
5.685788762181077649e-01
5.684388951857273220e-01
5.682989141533468791e-01
5.681589331209664362e-01
5.680189520885859933e-01
5.678789710562055504e-01
5.677389900238252185e-01
5.675990089914447756e-01
5.674590279590643327e-01
5.673190469266838898e-01
5.671790658943034469e-01
5.670390848619230040e-01
5.668991038295425611e-01
5.667591227971621182e-01
5.666191417647816753e-01
5.664791607324012324e-01
5.663391797000207895e-01
5.661991986676403465e-01
5.660592176352599036e-01
5.659192366028794607e-01
5.657792555704991289e-01
5.656392745381186860e-01
5.654992935057382430e-01
5.653593124733578001e-01
5.652193314409773572e-01
5.650793504085969143e-01
5.649393693762164714e-01
5.647993883438360285e-01
5.646594073114555856e-01
5.645194262790751427e-01
5.643794452466946998e-01
5.642394642143142569e-01
5.640994831819338140e-01
5.639595021495533711e-01
5.638195211171729282e-01
5.636795400847924853e-01
5.635395590524120424e-01
5.633995780200315995e-01
5.632595969876512676e-01
5.631196159552708247e-01
5.629796349228903818e-01
5.628396538905099389e-01
5.626996728581294960e-01
5.625596918257490531e-01
5.624197107933686102e-01
5.622732870488168500e-01
5.621230635018719113e-01
5.619728399549270836e-01
5.618226164079822560e-01
5.616723928610373173e-01
5.615221693140924897e-01
5.613719457671476620e-01
5.612217222202028344e-01
5.610714986732578957e-01
5.609212751263130681e-01
5.607710515793682404e-01
5.606208280324233018e-01
5.604706044854784741e-01
5.603203809385336465e-01
5.601701573915887078e-01
5.600199338446438801e-01
5.598697102976990525e-01
5.597194867507541138e-01
5.595692632038092862e-01
5.594190396568644585e-01
5.592688161099195199e-01
5.591185925629746922e-01
5.589683690160298646e-01
5.588181454690850369e-01
5.586679219221400983e-01
5.585147081663200952e-01
5.583610704478537690e-01
5.582074327293874427e-01
5.580537950109211165e-01
5.579001572924547903e-01
5.577465195739884640e-01
5.575928818555221378e-01
5.574392441370558116e-01
5.572856064185894853e-01
5.571319687001231591e-01
5.569783309816568329e-01
5.568246932631905066e-01
5.566710555447241804e-01
5.565174178262578542e-01
5.563637801077915279e-01
5.562101423893252017e-01
5.560565046708588754e-01
5.559028669523925492e-01
5.557492292339262230e-01
5.555955915154598967e-01
5.554419537969935705e-01
5.552883160785272443e-01
5.551346783600609180e-01
5.549810406415944808e-01
5.548276122608807315e-01
5.546756816281751545e-01
5.545237509954694666e-01
5.543718203627638896e-01
5.542198897300583127e-01
5.540679590973527358e-01
5.539160284646471588e-01
5.537640978319414709e-01
5.536121671992358939e-01
5.534602365665303170e-01
5.533083059338247400e-01
5.531563753011191631e-01
5.530044446684135862e-01
5.528525140357078982e-01
5.527005834030023212e-01
5.525486527702967443e-01
5.523967221375911674e-01
5.522447915048855904e-01
5.520928608721799025e-01
5.519409302394743255e-01
5.517889996067687486e-01
5.516370689740631716e-01
5.514851383413575947e-01
5.513332077086520178e-01
5.511812770759463298e-01
5.510293464432407529e-01
5.508774158105351759e-01
5.507254851778295990e-01
5.505735545451240220e-01
5.504216239124184451e-01
5.502696932797128682e-01
5.501177626470071802e-01
5.499658320143016033e-01
5.498139013815960263e-01
5.496619707488904494e-01
5.495100401161848724e-01
5.493581094834792955e-01
5.492061788507737186e-01
5.490542482180680306e-01
5.489023175853624537e-01
5.487503869526568767e-01
5.485984563199512998e-01
5.484465256872457228e-01
5.482945950545401459e-01
5.481426644218345690e-01
5.479907337891288810e-01
5.478388031564233041e-01
5.476868725237177271e-01
5.475349418910121502e-01
5.473830112583065732e-01
5.472331845774086601e-01
5.470846681162245817e-01
5.469361516550403923e-01
5.467876351938563140e-01
5.466391187326721246e-01
5.464906022714880462e-01
5.463420858103039679e-01
5.461935693491197785e-01
5.460450528879357002e-01
5.458965364267516218e-01
5.457480199655674324e-01
5.455995035043833541e-01
5.454509870431991647e-01
5.453024705820150864e-01
5.451539541208310080e-01
5.450054376596468186e-01
5.448569211984627403e-01
5.447084047372785509e-01
5.445598882760944726e-01
5.444113718149103942e-01
5.442628553537262048e-01
5.441143388925421265e-01
5.439658224313580481e-01
5.438173059701738588e-01
5.436687895089897804e-01
5.435246929327441912e-01
5.433812977288423607e-01
5.432379025249404192e-01
5.430945073210384777e-01
5.429511121171365362e-01
5.428077169132347057e-01
5.426643217093327642e-01
5.425209265054308228e-01
5.423775313015289923e-01
5.422341360976270508e-01
5.420907408937251093e-01
5.419473456898232788e-01
5.418039504859213373e-01
5.416605552820193958e-01
5.415171600781175654e-01
5.413737648742156239e-01
5.412303696703136824e-01
5.410869744664117409e-01
5.409435792625099104e-01
5.408001840586079689e-01
5.406567888547060274e-01
5.405133936508041970e-01
5.403699984469022555e-01
5.402266032430003140e-01
5.400830205108039239e-01
5.399379182211413442e-01
5.397928159314786534e-01
5.396477136418159626e-01
5.395026113521533828e-01
5.393575090624906920e-01
5.392124067728281123e-01
5.390673044831654215e-01
5.389222021935027307e-01
5.387770999038401509e-01
5.386319976141774601e-01
5.384868953245147694e-01
5.383417930348521896e-01
5.381966907451894988e-01
5.380515884555269190e-01
5.379064861658642283e-01
5.377613838762015375e-01
5.376162815865389577e-01
5.374711792968762669e-01
5.373260770072135761e-01
5.371809747175509964e-01
5.370358724278883056e-01
5.368907701382256148e-01
5.367456678485630350e-01
5.366005655589003442e-01
5.364560721166078405e-01
5.363126769127058990e-01
5.361692817088040686e-01
5.360258865049021271e-01
5.358824913010001856e-01
5.357390960970983551e-01
5.355957008931964136e-01
5.354523056892944721e-01
5.353089104853926417e-01
5.351655152814907002e-01
5.350221200775887587e-01
5.348787248736869282e-01
5.347353296697849867e-01
5.345919344658830452e-01
5.344485392619811037e-01
5.343051440580792733e-01
5.341617488541773318e-01
5.340183536502753903e-01
5.338749584463735598e-01
5.337315632424716183e-01
5.335881680385696768e-01
5.334447728346678463e-01
5.333013776307659048e-01
5.331579824268639634e-01
5.330145872229620219e-01
5.328753126848434496e-01
5.327387458239845053e-01
5.326021789631255610e-01
5.324656121022665056e-01
5.323290452414075613e-01
5.321924783805486170e-01
5.320559115196896727e-01
5.319193446588307284e-01
5.317827777979717840e-01
5.316462109371127287e-01
5.315096440762537844e-01
5.313730772153948401e-01
5.312365103545358958e-01
5.310999434936769514e-01
5.309633766328178961e-01
5.308268097719589518e-01
5.306902429111000075e-01
5.305536760502410631e-01
5.304171091893821188e-01
5.302805423285231745e-01
5.301439754676641192e-01
5.300074086068051749e-01
5.298708417459462305e-01
5.297342748850872862e-01
5.295977080242283419e-01
5.294596896778478445e-01
5.293214157312281509e-01
5.291831417846084573e-01
5.290448678379887637e-01
5.289065938913690701e-01
5.287683199447493765e-01
5.286300459981296829e-01
5.284917720515099893e-01
5.283534981048902957e-01
5.282152241582706020e-01
5.280769502116509084e-01
5.279386762650312148e-01
5.278004023184115212e-01
5.276621283717918276e-01
5.275238544251720230e-01
5.273855804785523294e-01
5.272473065319326357e-01
5.271090325853129421e-01
5.269707586386932485e-01
5.268324846920735549e-01
5.266942107454538613e-01
5.265559367988341677e-01
5.264176628522144741e-01
5.262793889055947805e-01
5.261411149589750869e-01
5.260028410123553932e-01
5.258645670657356996e-01
5.257262931191160060e-01
5.255880191724963124e-01
5.254497452258766188e-01
5.253114712792569252e-01
5.251731973326371206e-01
5.250349233860174269e-01
5.248966494393977333e-01
5.247583754927780397e-01
5.246201015461583461e-01
5.244818275995386525e-01
5.243435536529189589e-01
5.242052797062992653e-01
5.240670057596795717e-01
5.239287318130598781e-01
5.237904578664401845e-01
5.236521839198204908e-01
5.235139099732006862e-01
5.233756360265809926e-01
5.232373620799612990e-01
5.230990881333416054e-01
5.229608141867219118e-01
5.228225402401022182e-01
5.226848533313945833e-01
5.225482864705356389e-01
5.224117196096766946e-01
5.222751527488177503e-01
5.221385858879588060e-01
5.220020190270998617e-01
5.218654521662409174e-01
5.217288853053818620e-01
5.215923184445229177e-01
5.214557515836639734e-01
5.213191847228050291e-01
5.211826178619460848e-01
5.210460510010871404e-01
5.209094841402281961e-01
5.207729172793691408e-01
5.206363504185101965e-01
5.204997835576512522e-01
5.203632166967923078e-01
5.202266498359333635e-01
5.200900829750744192e-01
5.199535161142153639e-01
5.198169492533564195e-01
5.196803823924974752e-01
5.195438155316385309e-01
5.194072486707795866e-01
5.192696734529328451e-01
5.191313995063131514e-01
5.189931255596934578e-01
5.188548516130737642e-01
5.187165776664540706e-01
5.185783037198343770e-01
5.184400297732146834e-01
5.183017558265949898e-01
5.181634818799752962e-01
5.180252079333554915e-01
5.178869339867357979e-01
5.177486600401161043e-01
5.176103860934964107e-01
5.174721121468767171e-01
5.173338382002570235e-01
5.171955642536373299e-01
5.170572903070176363e-01
5.169190163603979427e-01
5.167807424137782490e-01
5.166424684671585554e-01
5.165041945205388618e-01
5.163659205739191682e-01
5.162276466272994746e-01
5.160893726806797810e-01
5.159510987340600874e-01
5.158128247874403938e-01
5.156745508408207002e-01
5.155362768942010065e-01
5.153980029475813129e-01
5.152597290009616193e-01
5.151214550543419257e-01
5.149831811077222321e-01
5.148449071611024275e-01
5.147066332144827339e-01
5.145683592678630403e-01
5.144300853212433466e-01
5.142918113746236530e-01
5.141535374280039594e-01
5.140152634813842658e-01
5.138769895347645722e-01
5.137387155881448786e-01
5.136004416415251850e-01
5.134621676949054914e-01
5.133238937482857978e-01
5.131856198016661041e-01
5.130473458550464105e-01
5.129090719084267169e-01
5.127707979618070233e-01
5.126325240151873297e-01
5.124943939779460500e-01
5.123578271170869947e-01
5.122212602562280503e-01
5.120846933953691060e-01
5.119481265345101617e-01
5.118115596736512174e-01
5.116749928127922731e-01
5.115384259519333288e-01
5.114018590910742734e-01
5.112652922302153291e-01
5.111287253693563848e-01
5.109921585084974405e-01
5.108555916476384962e-01
5.107190247867795518e-01
5.105824579259206075e-01
5.104458910650615522e-01
5.103093242042026079e-01
5.101727573433436635e-01
5.100361904824847192e-01
5.098996236216257749e-01
5.097630567607668306e-01
5.096264898999078863e-01
5.094899230390488309e-01
5.093533561781898866e-01
5.092167893173309423e-01
5.090796572280179566e-01
5.089413832813982630e-01
5.088031093347785694e-01
5.086648353881587648e-01
5.085265614415390711e-01
5.083882874949193775e-01
5.082500135482996839e-01
5.081117396016799903e-01
5.079734656550602967e-01
5.078351917084406031e-01
5.076969177618209095e-01
5.075586438152012159e-01
5.074203698685815223e-01
5.072820959219618286e-01
5.071438219753421350e-01
5.070055480287224414e-01
5.068672740821026368e-01
5.067290001354829432e-01
5.065907261888632496e-01
5.064524522422435560e-01
5.063141782956238623e-01
5.061759043490041687e-01
5.060376304023844751e-01
5.058993564557647815e-01
5.057610825091450879e-01
5.056237951100551742e-01
5.054872282491961188e-01
5.053506613883371745e-01
5.052140945274782302e-01
5.050775276666192859e-01
5.049409608057603416e-01
5.048043939449013973e-01
5.046678270840423419e-01
5.045312602231833976e-01
5.043946933623244533e-01
5.042581265014655090e-01
5.041215596406065647e-01
5.039849927797476203e-01
5.038484259188886760e-01
5.037118590580296207e-01
5.035752921971706764e-01
5.034387253363117321e-01
5.033021584754527877e-01
5.031655916145938434e-01
5.030290247537348991e-01
5.028924578928758438e-01
5.027558910320168994e-01
5.026193241711579551e-01
5.024827573102990108e-01
5.023461904494400665e-01
5.022124393217919369e-01
5.020792866324544912e-01
5.019461339431169344e-01
5.018129812537794887e-01
5.016798285644419320e-01
5.015466758751044862e-01
5.014135231857670405e-01
5.012803704964294838e-01
5.011472178070920380e-01
5.010140651177545923e-01
5.008809124284170355e-01
5.007477597390795898e-01
5.006146070497420331e-01
5.004814543604045873e-01
5.003483016710671416e-01
5.002151489817295849e-01
5.000819962923921391e-01
4.999488436030546379e-01
4.998156909137171366e-01
4.996825382243796354e-01
4.995493855350421897e-01
4.994162328457046884e-01
4.992830801563671872e-01
4.991499274670296860e-01
4.990165305778515026e-01
4.988799637169925028e-01
4.987433968561335584e-01
4.986068299952746141e-01
4.984702631344156143e-01
4.983336962735566700e-01
4.981971294126976701e-01
4.980605625518387258e-01
4.979239956909797260e-01
4.977874288301207817e-01
4.976508619692617819e-01
4.975142951084028375e-01
4.973777282475438932e-01
4.972411613866848934e-01
4.971045945258259491e-01
4.969680276649669493e-01
4.968314608041080049e-01
4.966948939432490051e-01
4.965583270823900608e-01
4.964217602215311165e-01
4.962851933606721166e-01
4.961486264998131723e-01
4.960120596389541725e-01
4.958754927780952282e-01
4.957389259172362284e-01
4.956039893133654117e-01
4.954725437097886598e-01
4.953410981062119078e-01
4.952096525026351559e-01
4.950782068990584039e-01
4.949467612954816520e-01
4.948153156919049001e-01
4.946838700883281481e-01
4.945524244847513962e-01
4.944209788811746442e-01
4.942895332775978923e-01
4.941580876740211403e-01
4.940266420704443884e-01
4.938951964668676364e-01
4.937637508632908845e-01
4.936323052597141325e-01
4.935008596561373806e-01
4.933694140525606286e-01
4.932379684489838767e-01
4.931065228454071248e-01
4.929750772418303728e-01
4.928436316382536209e-01
4.927121860346768689e-01
4.925807404311001725e-01
4.924492948275234205e-01
4.923197787000900827e-01
4.921917472680347738e-01
4.920637158359795205e-01
4.919356844039242671e-01
4.918076529718689582e-01
4.916796215398137049e-01
4.915515901077583960e-01
4.914235586757031427e-01
4.912955272436478338e-01
4.911674958115925804e-01
4.910394643795373271e-01
4.909114329474820182e-01
4.907834015154267648e-01
4.906553700833714560e-01
4.905273386513162026e-01
4.903993072192609493e-01
4.902712757872056404e-01
4.901432443551503870e-01
4.900152129230950782e-01
4.898871814910398248e-01
4.897591500589845159e-01
4.896311186269292626e-01
4.895030871948740092e-01
4.893750557628187003e-01
4.892470243307634470e-01
4.891217650130029182e-01
4.889971477524691634e-01
4.888725304919353531e-01
4.887479132314015429e-01
4.886232959708677326e-01
4.884986787103339223e-01
4.883740614498001675e-01
4.882494441892663573e-01
4.881248269287325470e-01
4.880002096681987367e-01
4.878755924076649264e-01
4.877509751471311716e-01
4.876263578865973614e-01
4.875017406260635511e-01
4.873771233655297408e-01
4.872525061049959860e-01
4.871278888444621757e-01
4.870032715839283655e-01
4.868786543233945552e-01
4.867540370628607449e-01
4.866294198023269901e-01
4.865048025417931798e-01
4.863801852812593696e-01
4.862555680207255593e-01
4.861309507601917490e-01
4.860063334996579942e-01
4.858817162391241840e-01
4.857570989785903737e-01
4.856324817180565634e-01
4.855078644575227531e-01
4.853832471969889428e-01
4.852586299364551325e-01
4.851340126759213223e-01
4.850093954153875120e-01
4.848847781548537017e-01
4.847601608943198914e-01
4.846355436337861367e-01
4.845109263732523264e-01
4.843863091127185161e-01
4.842616918521847058e-01
4.841370745916508955e-01
4.840124573311170852e-01
4.838878400705832750e-01
4.837632228100494647e-01
4.836386055495156544e-01
4.835139882889818441e-01
4.833893710284480338e-01
4.832647537679142236e-01
4.831401365073804688e-01
4.830165624659226720e-01
4.828953593769103048e-01
4.827741562878979931e-01
4.826529531988856259e-01
4.825317501098733142e-01
4.824105470208610025e-01
4.822893439318486353e-01
4.821681408428363236e-01
4.820469377538240119e-01
4.819257346648116447e-01
4.818045315757993330e-01
4.816833284867870213e-01
4.815621253977746541e-01
4.814409223087623424e-01
4.813197192197500307e-01
4.811985161307376635e-01
4.810773130417253518e-01
4.809561099527129846e-01
4.808349068637006729e-01
4.807137037746883612e-01
4.805925006856759940e-01
4.804712975966636823e-01
4.803500945076513706e-01
4.802288914186390034e-01
4.801076883296266917e-01
4.799893140264553937e-01
4.798732321947252744e-01
4.797571503629951550e-01
4.796410685312650357e-01
4.795249866995349719e-01
4.794089048678048526e-01
4.792928230360747333e-01
4.791767412043446139e-01
4.790606593726144946e-01
4.789445775408843753e-01
4.788284957091542560e-01
4.787124138774241922e-01
4.785963320456940728e-01
4.784802502139639535e-01
4.783641683822338342e-01
4.782480865505037149e-01
4.781320047187735955e-01
4.780159228870434762e-01
4.778998410553134124e-01
4.777837592235832931e-01
4.776676773918531738e-01
4.775515955601230544e-01
4.774355137283929351e-01
4.773194318966628158e-01
4.772033500649327520e-01
4.770845397378238872e-01
4.769650437345723248e-01
4.768455477313207069e-01
4.767260517280690890e-01
4.766065557248175266e-01
4.764870597215659087e-01
4.763675637183143463e-01
4.762480677150627284e-01
4.761285717118111105e-01
4.760090757085595481e-01
4.758895797053079302e-01
4.757700837020563123e-01
4.756505876988047499e-01
4.755310916955531320e-01
4.754115956923015696e-01
4.752920996890499516e-01
4.751726036857983337e-01
4.750531076825467713e-01
4.749336116792951534e-01
4.748141156760435910e-01
4.746946196727919731e-01
4.745751236695403552e-01
4.744556276662887928e-01
4.743361316630371749e-01
4.742167141407898634e-01
4.740989252232990503e-01
4.739811363058081817e-01
4.738633473883173131e-01
4.737455584708265000e-01
4.736277695533356313e-01
4.735099806358447627e-01
4.733921917183539496e-01
4.732744028008630810e-01
4.731566138833722124e-01
4.730388249658813438e-01
4.729210360483905307e-01
4.728032471308996620e-01
4.726854582134087934e-01
4.725676692959179803e-01
4.724498803784271117e-01
4.723320914609362431e-01
4.722143025434454300e-01
4.720965136259545614e-01
4.719787247084636927e-01
4.718609357909728796e-01
4.717431468734820110e-01
4.716253579559911424e-01
4.715075690385002738e-01
4.713897801210094607e-01
4.712719912035185921e-01
4.711542022860277235e-01
4.710364133685368548e-01
4.709186244510460417e-01
4.708008355335551731e-01
4.706830466160643045e-01
4.705652576985734359e-01
4.704474687810825673e-01
4.703296798635917542e-01
4.702118909461008855e-01
4.700941020286100169e-01
4.699763131111191483e-01
4.698585241936282797e-01
4.697407352761374666e-01
4.696229463586465980e-01
4.695051574411557294e-01
4.693873685236648607e-01
4.692695796061739921e-01
4.691517906886831235e-01
4.690340017711923104e-01
4.689162128537014418e-01
4.687984239362105732e-01
4.686806350187197046e-01
4.685628461012288359e-01
4.684450571837380228e-01
4.683286499449806350e-01
4.682134216561308904e-01
4.680981933672810902e-01
4.679829650784313455e-01
4.678677367895816008e-01
4.677525085007318562e-01
4.676372802118821115e-01
4.675220519230323668e-01
4.674068236341826221e-01
4.672915953453328775e-01
4.671763670564831328e-01
4.670611387676333881e-01
4.669459104787836434e-01
4.668306821899338988e-01
4.667154539010841541e-01
4.666002256122344094e-01
4.664849973233846647e-01
4.663697690345349200e-01
4.662545407456851754e-01
4.661393124568353752e-01
4.660240841679856305e-01
4.659088558791358858e-01
4.657936275902861412e-01
4.656783993014363965e-01
4.655631710125866518e-01
4.654479427237369071e-01
4.653327144348871625e-01
4.652174861460374178e-01
4.651022578571876731e-01
4.649870295683379284e-01
4.648718012794881838e-01
4.647565729906384391e-01
4.646413447017886944e-01
4.622950819672129730e-01
4.622950819672129730e-01
4.622950819672129730e-01
4.622950819672129730e-01
4.622950819672129730e-01
4.622950819672129730e-01
4.622950819672129730e-01
4.622950819672129730e-01
4.622950819672129730e-01
4.622950819672129730e-01
4.622950819672129730e-01
4.622950819672129730e-01
4.622950819672129730e-01
4.622950819672129730e-01
4.622950819672129730e-01
4.622950819672129730e-01
4.622950819672129730e-01
4.622950819672129730e-01
4.622950819672129730e-01
4.622950819672129730e-01
4.622950819672129730e-01
4.622950819672129730e-01
4.622950819672129730e-01
4.622950819672129730e-01
4.622950819672129730e-01
4.622950819672129730e-01
4.622950819672129730e-01
4.622950819672129730e-01
4.622950819672129730e-01
4.622950819672129730e-01
4.622950819672129730e-01
4.622950819672129730e-01
4.622950819672129730e-01
4.622950819672129730e-01
4.622950819672129730e-01
4.622950819672129730e-01
4.622950819672129730e-01
4.622950819672129730e-01
4.622950819672129730e-01
4.622950819672129730e-01
4.622950819672129730e-01
4.622950819672129730e-01
4.622950819672129730e-01
4.622950819672129730e-01
4.622950819672129730e-01
4.622950819672129730e-01
4.622950819672129730e-01
4.622950819672129730e-01
4.622950819672129730e-01
4.622950819672129730e-01
4.622950819672129730e-01
4.622950819672129730e-01
4.622950819672129730e-01
4.622950819672129730e-01
4.622950819672129730e-01
4.622950819672129730e-01
4.622950819672129730e-01
4.622950819672129730e-01
4.622950819672129730e-01
4.622950819672129730e-01
4.622950819672129730e-01
4.622950819672129730e-01
4.622950819672129730e-01
4.622950819672129730e-01
4.622950819672129730e-01
4.622950819672129730e-01
4.622950819672129730e-01
4.622950819672129730e-01
4.622950819672129730e-01
4.622950819672129730e-01
4.622950819672129730e-01
4.622950819672129730e-01
4.622950819672129730e-01
4.622950819672129730e-01
4.622950819672129730e-01
4.622950819672129730e-01
4.622950819672129730e-01
4.622950819672129730e-01
4.622950819672129730e-01
4.622950819672129730e-01
4.622950819672129730e-01
4.622950819672129730e-01
4.622950819672129730e-01
4.622950819672129730e-01
4.622950819672129730e-01
4.622950819672129730e-01
4.622950819672129730e-01
4.622950819672129730e-01
4.622950819672129730e-01
4.622950819672129730e-01
4.622950819672129730e-01
4.622950819672129730e-01
4.622950819672129730e-01
4.622950819672129730e-01
4.622950819672129730e-01
4.622950819672129730e-01
4.622950819672129730e-01
4.622950819672129730e-01
4.622950819672129730e-01
4.622950819672129730e-01
4.622950819672129730e-01
4.622950819672129730e-01
4.622950819672129730e-01
4.622950819672129730e-01
4.622950819672129730e-01
4.622950819672129730e-01
4.622950819672129730e-01
4.622950819672129730e-01
4.622950819672129730e-01
4.622950819672129730e-01
4.622950819672129730e-01
4.622950819672129730e-01
4.622950819672129730e-01
4.622950819672129730e-01
4.622950819672129730e-01
4.622950819672129730e-01
4.622950819672129730e-01
4.622950819672129730e-01
4.622950819672129730e-01
4.622950819672129730e-01
4.622950819672129730e-01
4.622950819672129730e-01
4.622950819672129730e-01
4.622950819672129730e-01
4.622950819672129730e-01
4.622950819672129730e-01
4.622950819672129730e-01
4.622950819672129730e-01
4.622950819672129730e-01
4.622950819672129730e-01
4.622950819672129730e-01
4.622950819672129730e-01
4.622950819672129730e-01
4.622950819672129730e-01
4.622950819672129730e-01
4.622950819672129730e-01
4.622950819672129730e-01
4.622950819672129730e-01
4.622950819672129730e-01
4.622950819672129730e-01
4.622950819672129730e-01
4.622950819672129730e-01
4.622950819672129730e-01
4.622950819672129730e-01
4.622950819672129730e-01
4.622950819672129730e-01
4.622950819672129730e-01
4.622950819672129730e-01
4.622950819672129730e-01
4.622950819672129730e-01
4.622950819672129730e-01
4.622950819672129730e-01
4.622950819672129730e-01
4.622950819672129730e-01
4.622950819672129730e-01
4.622950819672129730e-01
4.622950819672129730e-01
4.622950819672129730e-01
4.622950819672129730e-01
4.622950819672129730e-01
4.622950819672129730e-01
4.622950819672129730e-01
4.622950819672129730e-01
4.622950819672129730e-01
4.622950819672129730e-01
4.622950819672129730e-01
4.622950819672129730e-01
4.622950819672129730e-01
4.622950819672129730e-01
4.622950819672129730e-01
4.622950819672129730e-01
4.622950819672129730e-01
4.622950819672129730e-01
4.622950819672129730e-01
4.622950819672129730e-01
4.622950819672129730e-01
4.622950819672129730e-01
4.622950819672129730e-01
4.622950819672129730e-01
4.622950819672129730e-01
4.622950819672129730e-01
4.622950819672129730e-01
4.622950819672129730e-01
4.622950819672129730e-01
4.622950819672129730e-01
4.622950819672129730e-01
4.622950819672129730e-01
4.622950819672129730e-01
4.622950819672129730e-01
4.622950819672129730e-01
4.622950819672129730e-01
4.622950819672129730e-01
4.622950819672129730e-01
4.622950819672129730e-01
4.622950819672129730e-01
4.622950819672129730e-01
4.622950819672129730e-01
4.622950819672129730e-01
4.622950819672129730e-01
4.622950819672129730e-01
4.622950819672129730e-01
4.622950819672129730e-01
4.622950819672129730e-01
4.622950819672129730e-01
4.622950819672129730e-01
4.622950819672129730e-01
4.622950819672129730e-01
4.622950819672129730e-01
4.622950819672129730e-01
4.622950819672129730e-01
4.622950819672129730e-01
4.622950819672129730e-01
4.622950819672129730e-01
4.622950819672129730e-01
4.622950819672129730e-01
4.622950819672129730e-01
4.622950819672129730e-01
4.622950819672129730e-01
4.622950819672129730e-01
4.622950819672129730e-01
4.622950819672129730e-01
4.622950819672129730e-01
4.622950819672129730e-01
4.622950819672129730e-01
4.622950819672129730e-01
4.622950819672129730e-01
4.622950819672129730e-01
4.622950819672129730e-01
4.622950819672129730e-01
4.622950819672129730e-01
4.622950819672129730e-01
4.622950819672129730e-01
4.622950819672129730e-01
4.622950819672129730e-01
4.622950819672129730e-01
4.622950819672129730e-01
4.622950819672129730e-01
4.622950819672129730e-01
4.622950819672129730e-01
4.622950819672129730e-01
4.622950819672129730e-01
4.622950819672129730e-01
4.622950819672129730e-01
4.622950819672129730e-01
4.622950819672129730e-01
4.622950819672129730e-01
4.622950819672129730e-01
4.622950819672129730e-01
4.622950819672129730e-01
4.622950819672129730e-01
4.622950819672129730e-01
4.622950819672129730e-01
4.622950819672129730e-01
4.622950819672129730e-01
4.622950819672129730e-01
4.622950819672129730e-01
4.622950819672129730e-01
4.622950819672129730e-01
4.622950819672129730e-01
4.622950819672129730e-01
4.622950819672129730e-01
4.622950819672129730e-01
4.622950819672129730e-01
4.622950819672129730e-01
4.622950819672129730e-01
4.622950819672129730e-01
4.622950819672129730e-01
4.622950819672129730e-01
4.622950819672129730e-01
4.622950819672129730e-01
4.622950819672129730e-01
4.622950819672129730e-01
4.622950819672129730e-01
4.622950819672129730e-01
4.622950819672129730e-01
4.622950819672129730e-01
4.622950819672129730e-01
4.622950819672129730e-01
4.622950819672129730e-01
4.622950819672129730e-01
4.622950819672129730e-01
4.622950819672129730e-01
4.622950819672129730e-01
4.622950819672129730e-01
4.622950819672129730e-01
4.622950819672129730e-01
4.622950819672129730e-01
4.622950819672129730e-01
4.622950819672129730e-01
4.622950819672129730e-01
4.622950819672129730e-01
4.622950819672129730e-01
4.622950819672129730e-01
4.622950819672129730e-01
4.622950819672129730e-01
4.622950819672129730e-01
4.622950819672129730e-01
4.622950819672129730e-01
4.622950819672129730e-01
4.622950819672129730e-01
4.622950819672129730e-01
4.622950819672129730e-01
4.622950819672129730e-01
4.622950819672129730e-01
4.622950819672129730e-01
4.622950819672129730e-01
4.622950819672129730e-01
4.622950819672129730e-01
4.622950819672129730e-01
4.622950819672129730e-01
4.622950819672129730e-01
4.622950819672129730e-01
4.622950819672129730e-01
4.622950819672129730e-01
4.622950819672129730e-01
4.622950819672129730e-01
4.622950819672129730e-01
4.622950819672129730e-01
4.622950819672129730e-01
4.622950819672129730e-01
4.622950819672129730e-01
4.622950819672129730e-01
4.622950819672129730e-01
4.622950819672129730e-01
4.622950819672129730e-01
4.622950819672129730e-01
4.622950819672129730e-01
4.622950819672129730e-01
4.622950819672129730e-01
4.622950819672129730e-01
4.622950819672129730e-01
4.622950819672129730e-01
4.622950819672129730e-01
4.622950819672129730e-01
4.622950819672129730e-01
4.622950819672129730e-01
4.622950819672129730e-01
4.622950819672129730e-01
4.622950819672129730e-01
4.622950819672129730e-01
4.622950819672129730e-01
4.622950819672129730e-01
4.622950819672129730e-01
4.622950819672129730e-01
4.622950819672129730e-01
4.622950819672129730e-01
4.622950819672129730e-01
4.622950819672129730e-01
4.622950819672129730e-01
4.622950819672129730e-01
4.622950819672129730e-01
4.622950819672129730e-01
4.622950819672129730e-01
4.622950819672129730e-01
4.622950819672129730e-01
4.622950819672129730e-01
4.622950819672129730e-01
4.622950819672129730e-01
4.622950819672129730e-01
4.622950819672129730e-01
4.622950819672129730e-01
4.622950819672129730e-01
4.622950819672129730e-01
4.622950819672129730e-01
4.622950819672129730e-01
4.622950819672129730e-01
4.622950819672129730e-01
4.622950819672129730e-01
4.622950819672129730e-01
4.622950819672129730e-01
4.622950819672129730e-01
4.622950819672129730e-01
4.622950819672129730e-01
4.622950819672129730e-01
4.622950819672129730e-01
4.622950819672129730e-01
4.622950819672129730e-01
4.622950819672129730e-01
4.622950819672129730e-01
4.622950819672129730e-01
4.622950819672129730e-01
4.622950819672129730e-01
4.622950819672129730e-01
4.622950819672129730e-01
4.622950819672129730e-01
4.622950819672129730e-01
4.622950819672129730e-01
4.622950819672129730e-01
4.622950819672129730e-01
4.622950819672129730e-01
4.622950819672129730e-01
4.622950819672129730e-01
4.622950819672129730e-01
4.622950819672129730e-01
4.622950819672129730e-01
4.622950819672129730e-01
4.622950819672129730e-01
4.622950819672129730e-01
4.622950819672129730e-01
4.622950819672129730e-01
4.622950819672129730e-01
4.622950819672129730e-01
4.622950819672129730e-01
4.622950819672129730e-01
4.622950819672129730e-01
4.622950819672129730e-01
4.622950819672129730e-01
4.622950819672129730e-01
4.622950819672129730e-01
4.622950819672129730e-01
4.622950819672129730e-01
4.622950819672129730e-01
4.622950819672129730e-01
4.622950819672129730e-01
4.622950819672129730e-01
4.622950819672129730e-01
4.622950819672129730e-01
4.622950819672129730e-01
4.622950819672129730e-01
4.622950819672129730e-01
4.622950819672129730e-01
4.622950819672129730e-01
4.622950819672129730e-01
4.622950819672129730e-01
4.622950819672129730e-01
4.622950819672129730e-01
4.622950819672129730e-01
4.622950819672129730e-01
4.622950819672129730e-01
4.622950819672129730e-01
4.622950819672129730e-01
4.622950819672129730e-01
4.622950819672129730e-01
4.622950819672129730e-01
4.622950819672129730e-01
4.622950819672129730e-01
4.622950819672129730e-01
4.622950819672129730e-01
4.622950819672129730e-01
4.622950819672129730e-01
4.622950819672129730e-01
4.622950819672129730e-01
4.622950819672129730e-01
4.622950819672129730e-01
4.622950819672129730e-01
4.622950819672129730e-01
4.622950819672129730e-01
4.622950819672129730e-01
4.622950819672129730e-01
4.622950819672129730e-01
4.622950819672129730e-01
4.622950819672129730e-01
4.622950819672129730e-01
4.622950819672129730e-01
4.622950819672129730e-01
4.622950819672129730e-01
4.622950819672129730e-01
4.622950819672129730e-01
4.622950819672129730e-01
4.622950819672129730e-01
4.622950819672129730e-01
4.622950819672129730e-01
4.622950819672129730e-01
4.622950819672129730e-01
4.622950819672129730e-01
4.622950819672129730e-01
4.622950819672129730e-01
4.622950819672129730e-01
4.622950819672129730e-01
4.622950819672129730e-01
4.622950819672129730e-01
4.622950819672129730e-01
4.622950819672129730e-01
4.622950819672129730e-01
4.622950819672129730e-01
4.622950819672129730e-01
4.622950819672129730e-01
4.622950819672129730e-01
4.622950819672129730e-01
4.622950819672129730e-01
4.622950819672129730e-01
4.622950819672129730e-01
4.622950819672129730e-01
4.622950819672129730e-01
4.622950819672129730e-01
4.622950819672129730e-01
4.622950819672129730e-01
4.622950819672129730e-01
4.622950819672129730e-01
4.622950819672129730e-01
4.622950819672129730e-01
4.622950819672129730e-01
4.622950819672129730e-01
4.622950819672129730e-01
4.622950819672129730e-01
4.622950819672129730e-01
4.622950819672129730e-01
4.622950819672129730e-01
4.622950819672129730e-01
4.622950819672129730e-01
4.622950819672129730e-01
4.622950819672129730e-01
4.622950819672129730e-01
4.622950819672129730e-01
4.622950819672129730e-01
4.622950819672129730e-01
4.622950819672129730e-01
4.622950819672129730e-01
4.622950819672129730e-01
4.622950819672129730e-01
4.622950819672129730e-01
4.622950819672129730e-01
4.622950819672129730e-01
4.622950819672129730e-01
4.622950819672129730e-01
4.622950819672129730e-01
4.622950819672129730e-01
4.622950819672129730e-01
4.622950819672129730e-01
4.622950819672129730e-01
4.622950819672129730e-01
4.622950819672129730e-01
4.622950819672129730e-01
4.622950819672129730e-01
4.622950819672129730e-01
4.622950819672129730e-01
4.622950819672129730e-01
4.622950819672129730e-01
4.622950819672129730e-01
4.622950819672129730e-01
4.622950819672129730e-01
4.622950819672129730e-01
4.622950819672129730e-01
4.622950819672129730e-01
4.622950819672129730e-01
4.622950819672129730e-01
4.622950819672129730e-01
4.622950819672129730e-01
4.622950819672129730e-01
4.622950819672129730e-01
4.622950819672129730e-01
4.622950819672129730e-01
4.622950819672129730e-01
4.622950819672129730e-01
4.622950819672129730e-01
4.622950819672129730e-01
4.622950819672129730e-01
4.622950819672129730e-01
4.622950819672129730e-01
4.622950819672129730e-01
4.622950819672129730e-01
4.622950819672129730e-01
4.622950819672129730e-01
4.622950819672129730e-01
4.622950819672129730e-01
4.622950819672129730e-01
4.622950819672129730e-01
4.622950819672129730e-01
4.622950819672129730e-01
4.622950819672129730e-01
4.622950819672129730e-01
4.622950819672129730e-01
4.622950819672129730e-01
4.622950819672129730e-01
4.622950819672129730e-01
4.622950819672129730e-01
4.622950819672129730e-01
4.622950819672129730e-01
4.622950819672129730e-01
4.622950819672129730e-01
4.622950819672129730e-01
4.622950819672129730e-01
4.622950819672129730e-01
4.622950819672129730e-01
4.622950819672129730e-01
4.622950819672129730e-01
4.622950819672129730e-01
4.622950819672129730e-01
4.622950819672129730e-01
4.622950819672129730e-01
4.622950819672129730e-01
4.622950819672129730e-01
4.622950819672129730e-01
4.622950819672129730e-01
4.622950819672129730e-01
4.622950819672129730e-01
4.622950819672129730e-01
4.622950819672129730e-01
4.622950819672129730e-01
4.622950819672129730e-01
4.622950819672129730e-01
4.622950819672129730e-01
4.622950819672129730e-01
4.622950819672129730e-01
4.622950819672129730e-01
4.622950819672129730e-01
4.622950819672129730e-01
4.622950819672129730e-01
4.622950819672129730e-01
4.622950819672129730e-01
4.622950819672129730e-01
4.622950819672129730e-01
4.622950819672129730e-01
4.622950819672129730e-01
4.622950819672129730e-01
4.622950819672129730e-01
4.622950819672129730e-01
4.622950819672129730e-01
4.622950819672129730e-01
4.622950819672129730e-01
4.622950819672129730e-01
4.622950819672129730e-01
4.622950819672129730e-01
4.622950819672129730e-01
4.622950819672129730e-01
4.622950819672129730e-01
4.622950819672129730e-01
4.622950819672129730e-01
4.622950819672129730e-01
4.622950819672129730e-01
4.622950819672129730e-01
4.622950819672129730e-01
4.622950819672129730e-01
4.622950819672129730e-01
4.622950819672129730e-01
4.622950819672129730e-01
4.622950819672129730e-01
4.622950819672129730e-01
4.622950819672129730e-01
4.622950819672129730e-01
4.622950819672129730e-01
4.622950819672129730e-01
4.622950819672129730e-01
4.622950819672129730e-01
4.622950819672129730e-01
4.622950819672129730e-01
4.622950819672129730e-01
4.622950819672129730e-01
4.622950819672129730e-01
4.622950819672129730e-01
4.622950819672129730e-01
4.622950819672129730e-01
4.622950819672129730e-01
4.622950819672129730e-01
4.622950819672129730e-01
4.622950819672129730e-01
4.622950819672129730e-01
4.622950819672129730e-01
4.622950819672129730e-01
4.622950819672129730e-01
4.622950819672129730e-01
4.622950819672129730e-01
4.622950819672129730e-01
4.622950819672129730e-01
4.622950819672129730e-01
4.622950819672129730e-01
4.622950819672129730e-01
4.622950819672129730e-01
4.622950819672129730e-01
4.622950819672129730e-01
4.622950819672129730e-01
4.622950819672129730e-01
4.622950819672129730e-01
4.622950819672129730e-01
4.622950819672129730e-01
4.622950819672129730e-01
4.622950819672129730e-01
4.622950819672129730e-01
4.622950819672129730e-01
4.622950819672129730e-01
4.622950819672129730e-01
4.622950819672129730e-01
4.622950819672129730e-01
4.622950819672129730e-01
4.622950819672129730e-01
4.622950819672129730e-01
4.622950819672129730e-01
4.622950819672129730e-01
4.622950819672129730e-01
4.622950819672129730e-01
4.622950819672129730e-01
4.622950819672129730e-01
4.622950819672129730e-01
4.622950819672129730e-01
4.622950819672129730e-01
4.622950819672129730e-01
4.622950819672129730e-01
4.622950819672129730e-01
4.622950819672129730e-01
4.622950819672129730e-01
4.622950819672129730e-01
4.622950819672129730e-01
4.622950819672129730e-01
4.622950819672129730e-01
4.622950819672129730e-01
4.622950819672129730e-01
4.622950819672129730e-01
4.622950819672129730e-01
4.622950819672129730e-01
4.622950819672129730e-01
4.622950819672129730e-01
4.622950819672129730e-01
4.622950819672129730e-01
4.622950819672129730e-01
4.622950819672129730e-01
4.622950819672129730e-01
4.622950819672129730e-01
4.622950819672129730e-01
4.622950819672129730e-01
4.622950819672129730e-01
4.622950819672129730e-01
4.622950819672129730e-01
4.622950819672129730e-01
4.622950819672129730e-01
4.622950819672129730e-01
4.622950819672129730e-01
4.622950819672129730e-01
4.622950819672129730e-01
4.622950819672129730e-01
4.622950819672129730e-01
4.622950819672129730e-01
4.622950819672129730e-01
4.622950819672129730e-01
4.622950819672129730e-01
4.622950819672129730e-01
4.622950819672129730e-01
4.622950819672129730e-01
4.622950819672129730e-01
4.622950819672129730e-01
4.622950819672129730e-01
4.622950819672129730e-01
4.622950819672129730e-01
4.622950819672129730e-01
4.622950819672129730e-01
4.622950819672129730e-01
4.622950819672129730e-01
4.622950819672129730e-01
4.622950819672129730e-01
4.622950819672129730e-01
4.622950819672129730e-01
4.622950819672129730e-01
4.622950819672129730e-01
4.622950819672129730e-01
4.622950819672129730e-01
4.622950819672129730e-01
4.622950819672129730e-01
4.622950819672129730e-01
4.622950819672129730e-01
4.622950819672129730e-01
4.622950819672129730e-01
4.622950819672129730e-01
4.622950819672129730e-01
4.622950819672129730e-01
4.622950819672129730e-01
4.622950819672129730e-01
4.622950819672129730e-01
4.622950819672129730e-01
4.622950819672129730e-01
4.622950819672129730e-01
4.622950819672129730e-01
4.622950819672129730e-01
4.622950819672129730e-01
4.622950819672129730e-01
4.622950819672129730e-01
4.622950819672129730e-01
4.622950819672129730e-01
4.622950819672129730e-01
4.622950819672129730e-01
4.622950819672129730e-01
4.622950819672129730e-01
4.622950819672129730e-01
4.622950819672129730e-01
4.622950819672129730e-01
4.622950819672129730e-01
4.622950819672129730e-01
4.622950819672129730e-01
4.622950819672129730e-01
4.622950819672129730e-01
4.622950819672129730e-01
4.622950819672129730e-01
4.622950819672129730e-01
4.622950819672129730e-01
4.622950819672129730e-01
4.622950819672129730e-01
4.622950819672129730e-01
4.622950819672129730e-01
4.622950819672129730e-01
4.622950819672129730e-01
4.622950819672129730e-01
4.622950819672129730e-01
4.622950819672129730e-01
4.622950819672129730e-01
4.622950819672129730e-01
4.622950819672129730e-01
4.622950819672129730e-01
4.622950819672129730e-01
4.622950819672129730e-01
4.622950819672129730e-01
4.622950819672129730e-01
4.622950819672129730e-01
4.622950819672129730e-01
4.622950819672129730e-01
4.622950819672129730e-01
4.622950819672129730e-01
4.622950819672129730e-01
4.622950819672129730e-01
4.622950819672129730e-01
4.622950819672129730e-01
4.622950819672129730e-01
4.622950819672129730e-01
4.622950819672129730e-01
4.622950819672129730e-01
4.622950819672129730e-01
4.622950819672129730e-01
4.622950819672129730e-01
4.622950819672129730e-01
4.622950819672129730e-01
4.622950819672129730e-01
4.622950819672129730e-01
4.622950819672129730e-01
4.622950819672129730e-01
4.622950819672129730e-01
4.622950819672129730e-01
4.622950819672129730e-01
4.622950819672129730e-01
4.622950819672129730e-01
4.622950819672129730e-01
4.622950819672129730e-01
4.622950819672129730e-01
4.622950819672129730e-01
4.622950819672129730e-01
4.622950819672129730e-01
4.622950819672129730e-01
4.622950819672129730e-01
4.622950819672129730e-01
4.622950819672129730e-01
4.622950819672129730e-01
4.622950819672129730e-01
4.622950819672129730e-01
4.622950819672129730e-01
4.622950819672129730e-01
4.622950819672129730e-01
4.622950819672129730e-01
4.622950819672129730e-01
4.622950819672129730e-01
4.622950819672129730e-01
4.622950819672129730e-01
4.622950819672129730e-01
4.622950819672129730e-01
4.622950819672129730e-01
4.622950819672129730e-01
4.622950819672129730e-01
4.622950819672129730e-01
4.622950819672129730e-01
4.622950819672129730e-01
4.622950819672129730e-01
4.622950819672129730e-01
4.622950819672129730e-01
4.622950819672129730e-01
4.622950819672129730e-01
4.622950819672129730e-01
4.622950819672129730e-01
4.622950819672129730e-01
4.622950819672129730e-01
4.622950819672129730e-01
4.622950819672129730e-01
4.622950819672129730e-01
4.622950819672129730e-01
4.622950819672129730e-01
4.622950819672129730e-01
4.622950819672129730e-01
4.622950819672129730e-01
4.622950819672129730e-01
4.622950819672129730e-01
4.622950819672129730e-01
4.622950819672129730e-01
4.622950819672129730e-01
4.622950819672129730e-01
4.622950819672129730e-01
4.622950819672129730e-01
4.622950819672129730e-01
4.622950819672129730e-01
4.622950819672129730e-01
4.622950819672129730e-01
4.622950819672129730e-01
4.622950819672129730e-01
4.622950819672129730e-01
4.622950819672129730e-01
4.622950819672129730e-01
4.622950819672129730e-01
4.622950819672129730e-01
4.622950819672129730e-01
4.622950819672129730e-01
4.622950819672129730e-01
4.622950819672129730e-01
4.622950819672129730e-01
4.622950819672129730e-01
4.622950819672129730e-01
4.622950819672129730e-01
4.622950819672129730e-01
4.622950819672129730e-01
4.622950819672129730e-01
4.622950819672129730e-01
4.622950819672129730e-01
4.622950819672129730e-01
4.622950819672129730e-01
4.622950819672129730e-01
4.622950819672129730e-01
4.622950819672129730e-01
4.622950819672129730e-01
4.622950819672129730e-01
4.622950819672129730e-01
4.622950819672129730e-01
4.622950819672129730e-01
4.622950819672129730e-01
4.622950819672129730e-01
4.622950819672129730e-01
4.622950819672129730e-01
4.622950819672129730e-01
4.622950819672129730e-01
4.622950819672129730e-01
4.622950819672129730e-01
4.622950819672129730e-01
4.622950819672129730e-01
4.622950819672129730e-01
4.622950819672129730e-01
4.622950819672129730e-01
4.622950819672129730e-01
4.622950819672129730e-01
4.622950819672129730e-01
4.622950819672129730e-01
4.622950819672129730e-01
4.622950819672129730e-01
4.622950819672129730e-01
4.622950819672129730e-01
4.622950819672129730e-01
4.622950819672129730e-01
4.622950819672129730e-01
4.622950819672129730e-01
4.622950819672129730e-01
4.622950819672129730e-01
4.622950819672129730e-01
4.622950819672129730e-01
4.622950819672129730e-01
4.622950819672129730e-01
4.622950819672129730e-01
4.622950819672129730e-01
4.622950819672129730e-01
4.622950819672129730e-01
4.622950819672129730e-01
4.622950819672129730e-01
4.622950819672129730e-01
4.622950819672129730e-01
4.622950819672129730e-01
4.622950819672129730e-01
4.622950819672129730e-01
4.622950819672129730e-01
4.622950819672129730e-01
4.622950819672129730e-01
4.622950819672129730e-01
4.622950819672129730e-01
4.622950819672129730e-01
4.622950819672129730e-01
4.622950819672129730e-01
4.622950819672129730e-01
4.622950819672129730e-01
4.622950819672129730e-01
4.622950819672129730e-01
4.622950819672129730e-01
4.622950819672129730e-01
4.622950819672129730e-01
4.622950819672129730e-01
4.622950819672129730e-01
4.622950819672129730e-01
4.622950819672129730e-01
4.622950819672129730e-01
4.622950819672129730e-01
4.622950819672129730e-01
4.622950819672129730e-01
4.622950819672129730e-01
4.622950819672129730e-01
4.622950819672129730e-01
4.622950819672129730e-01
4.622950819672129730e-01
4.622950819672129730e-01
4.622950819672129730e-01
4.622950819672129730e-01
4.622950819672129730e-01
4.622950819672129730e-01
4.622950819672129730e-01
4.622950819672129730e-01
4.622950819672129730e-01
4.622950819672129730e-01
4.622950819672129730e-01
4.622950819672129730e-01
4.622950819672129730e-01
4.622950819672129730e-01
4.622950819672129730e-01
4.622950819672129730e-01
4.622950819672129730e-01
4.622950819672129730e-01
4.622950819672129730e-01
4.622950819672129730e-01
4.622950819672129730e-01
4.622950819672129730e-01
4.622950819672129730e-01
4.622950819672129730e-01
4.622950819672129730e-01
4.622950819672129730e-01
4.622950819672129730e-01
4.622950819672129730e-01
4.622950819672129730e-01
4.622950819672129730e-01
4.622950819672129730e-01
4.622950819672129730e-01
4.622950819672129730e-01
4.622950819672129730e-01
4.622950819672129730e-01
4.622950819672129730e-01
4.622950819672129730e-01
4.622950819672129730e-01
4.622950819672129730e-01
4.622950819672129730e-01
4.622950819672129730e-01
4.622950819672129730e-01
4.622950819672129730e-01
4.622950819672129730e-01
4.622950819672129730e-01
4.622950819672129730e-01
4.622950819672129730e-01
4.622950819672129730e-01
4.622950819672129730e-01
4.622950819672129730e-01
4.622950819672129730e-01
4.622950819672129730e-01
4.622950819672129730e-01
4.622950819672129730e-01
4.622950819672129730e-01
4.622950819672129730e-01
4.622950819672129730e-01
4.622950819672129730e-01
4.622950819672129730e-01
4.622950819672129730e-01
4.622950819672129730e-01
4.622950819672129730e-01
4.622950819672129730e-01
4.622950819672129730e-01
4.622950819672129730e-01
4.622950819672129730e-01
4.622950819672129730e-01
4.622950819672129730e-01
4.622950819672129730e-01
4.622950819672129730e-01
4.622950819672129730e-01
4.622950819672129730e-01
4.622950819672129730e-01
4.622950819672129730e-01
4.622950819672129730e-01
4.622950819672129730e-01
4.622950819672129730e-01
4.622950819672129730e-01
4.622950819672129730e-01
4.622950819672129730e-01
4.622950819672129730e-01
4.622950819672129730e-01
4.622950819672129730e-01
4.622950819672129730e-01
4.622950819672129730e-01
4.622950819672129730e-01
4.622950819672129730e-01
4.622950819672129730e-01
4.622950819672129730e-01
4.622950819672129730e-01
4.622950819672129730e-01
4.622950819672129730e-01
4.622950819672129730e-01
4.622950819672129730e-01
4.622950819672129730e-01
4.622950819672129730e-01
4.622950819672129730e-01
4.622950819672129730e-01
4.622950819672129730e-01
4.622950819672129730e-01
4.622950819672129730e-01
4.622950819672129730e-01
4.622950819672129730e-01
4.622950819672129730e-01
4.622950819672129730e-01
4.622950819672129730e-01
4.622950819672129730e-01
4.622950819672129730e-01
4.622950819672129730e-01
4.622950819672129730e-01
4.622950819672129730e-01
4.622950819672129730e-01
4.622950819672129730e-01
4.622950819672129730e-01
4.622950819672129730e-01
4.622950819672129730e-01
4.622950819672129730e-01
4.622950819672129730e-01
4.622950819672129730e-01
4.622950819672129730e-01
4.622950819672129730e-01
4.622950819672129730e-01
4.622950819672129730e-01
4.622950819672129730e-01
4.622950819672129730e-01
4.622950819672129730e-01
4.622950819672129730e-01
4.622950819672129730e-01
4.622950819672129730e-01
4.622950819672129730e-01
4.622950819672129730e-01
4.622950819672129730e-01
4.622950819672129730e-01
4.622950819672129730e-01
4.622950819672129730e-01
4.622950819672129730e-01
4.622950819672129730e-01
4.622950819672129730e-01
4.622950819672129730e-01
4.622950819672129730e-01
4.622950819672129730e-01
4.622950819672129730e-01
4.622950819672129730e-01
4.622950819672129730e-01
4.622950819672129730e-01
4.622950819672129730e-01
4.622950819672129730e-01
4.622950819672129730e-01
4.622950819672129730e-01
4.622950819672129730e-01
4.622950819672129730e-01
4.622950819672129730e-01
4.622950819672129730e-01
4.622950819672129730e-01
4.622950819672129730e-01
4.622950819672129730e-01
4.622950819672129730e-01
4.622950819672129730e-01
4.622950819672129730e-01
4.622950819672129730e-01
4.622950819672129730e-01
4.622950819672129730e-01
4.622950819672129730e-01
4.622950819672129730e-01
4.622950819672129730e-01
4.622950819672129730e-01
4.622950819672129730e-01
4.622950819672129730e-01
4.622950819672129730e-01
4.622950819672129730e-01
4.622950819672129730e-01
4.622950819672129730e-01
4.622950819672129730e-01
4.622950819672129730e-01
4.622950819672129730e-01
4.622950819672129730e-01
4.622950819672129730e-01
4.622950819672129730e-01
4.622950819672129730e-01
4.622950819672129730e-01
4.622950819672129730e-01
4.622950819672129730e-01
4.622950819672129730e-01
4.622950819672129730e-01
4.622950819672129730e-01
4.622950819672129730e-01
4.622950819672129730e-01
4.622950819672129730e-01
4.622950819672129730e-01
4.622950819672129730e-01
4.622950819672129730e-01
4.622950819672129730e-01
4.622950819672129730e-01
4.622950819672129730e-01
4.622950819672129730e-01
4.622950819672129730e-01
4.622950819672129730e-01
4.622950819672129730e-01
4.622950819672129730e-01
4.622950819672129730e-01
4.622950819672129730e-01
4.622950819672129730e-01
4.622950819672129730e-01
4.622950819672129730e-01
4.622950819672129730e-01
4.622950819672129730e-01
4.622950819672129730e-01
4.622950819672129730e-01
4.622950819672129730e-01
4.622950819672129730e-01
4.622950819672129730e-01
4.622950819672129730e-01
4.622950819672129730e-01
4.622950819672129730e-01
4.622950819672129730e-01
4.622950819672129730e-01
4.622950819672129730e-01
4.622950819672129730e-01
4.622950819672129730e-01
4.622950819672129730e-01
4.622950819672129730e-01
4.622950819672129730e-01
4.622950819672129730e-01
4.622950819672129730e-01
4.622950819672129730e-01
4.622950819672129730e-01
4.622950819672129730e-01
4.622950819672129730e-01
4.622950819672129730e-01
4.622950819672129730e-01
4.622950819672129730e-01
4.622950819672129730e-01
4.622950819672129730e-01
4.622950819672129730e-01
4.622950819672129730e-01
4.622950819672129730e-01
4.622950819672129730e-01
4.622950819672129730e-01
4.622950819672129730e-01
4.622950819672129730e-01
4.622950819672129730e-01
4.622950819672129730e-01
4.622950819672129730e-01
4.622950819672129730e-01
4.622950819672129730e-01
4.622950819672129730e-01
4.622950819672129730e-01
4.622950819672129730e-01
4.622950819672129730e-01
4.622950819672129730e-01
4.622950819672129730e-01
4.622950819672129730e-01
4.622950819672129730e-01
4.622950819672129730e-01
4.622950819672129730e-01
4.622950819672129730e-01
4.622950819672129730e-01
4.622950819672129730e-01
4.622950819672129730e-01
