5.274983839949751157e-08
6.406104444836723693e-08
7.377257081835160118e-08
8.219953402154859615e-08
8.954660182583509702e-08
9.600968887733536954e-08
1.017288937426920071e-07
1.068202043035085265e-07
1.113540075632511065e-07
1.154283471350796870e-07
1.190484593821875316e-07
1.223222357700723349e-07
1.252384105165215428e-07
1.278740352290990579e-07
1.302422079831937241e-07
1.323441504775409218e-07
1.342420945453611196e-07
1.359407213183016208e-07
1.374435551414027242e-07
1.387766804676658456e-07
1.399633162008115028e-07
1.410095793194617830e-07
1.419214669464846080e-07
1.427166815806031286e-07
1.433902033134789900e-07
1.439692010771914077e-07
1.444541049174202580e-07
1.448477153512423546e-07
1.451636542039231069e-07
1.453896377658445352e-07
1.455539344722237067e-07
1.456535440642305369e-07
1.456929322514051735e-07
1.456762987567182273e-07
1.456038622960426080e-07
1.454785315379699953e-07
1.453090660513215895e-07
1.450990328766944576e-07
1.448500731094707533e-07
1.445639815678040700e-07
1.442429659101243373e-07
1.438891741372446109e-07
1.435038611912547566e-07
1.430886287463513476e-07
1.426475604805790053e-07
1.421843987013702123e-07
1.416997669355946125e-07
1.411938904447779121e-07
1.406682764074036782e-07
1.401245633231115658e-07
1.395630400923964747e-07
1.389842576924447772e-07
1.383912415253396399e-07
1.377867888951576670e-07
1.371712779725223642e-07
1.365445241055804896e-07
1.359069825711177498e-07
1.352593691364256367e-07
1.346028983563940143e-07
1.339388238838005157e-07
1.332677990080294337e-07
1.325903348078684652e-07
1.319069423426853297e-07
1.312182087002282583e-07
1.305246659708749758e-07
1.298268274113339391e-07
1.291253634692264807e-07
1.284208685328418845e-07
1.277138777185021348e-07
1.270049739004944105e-07
1.262944838349992405e-07
1.255826781195590878e-07
1.248698278506112249e-07
1.241562190872450459e-07
1.234421134120115832e-07
1.227278602786265718e-07
1.220137131958520841e-07
1.212999978032467933e-07
1.205870819036977532e-07
1.198752209354429214e-07
1.191647717500744077e-07
1.184558519066126898e-07
1.177486931970475799e-07
1.170434447772252634e-07
1.163402839455293024e-07
1.156394153720566320e-07
1.149410030682638619e-07
1.142451301689121704e-07
1.135518937626297989e-07
1.128614309679215610e-07
1.121738523491525014e-07
1.114892036672284015e-07
1.108076229917577384e-07
1.101292480261425926e-07
1.094541522154481149e-07
1.087824609905991443e-07
1.081142744791243711e-07
1.074497059243476807e-07
1.067888813109226696e-07
1.061318626603860769e-07
1.054787422510167232e-07
1.048295113936374188e-07
1.041842235339078722e-07
1.035428955266101299e-07
1.029055568838583524e-07
1.022722613759305313e-07
1.016430030446150683e-07
1.010178362315196733e-07
1.003968150263459403e-07
9.977994653973745415e-08
9.916726198705942900e-08
9.855880443844994874e-08
9.795458749371326044e-08
9.735467897716274848e-08
9.675902546674016566e-08
9.616759750104924917e-08
9.558044490201363962e-08
9.499752737576720756e-08
9.441889430831880754e-08
9.384448403306478991e-08
9.327434590071019218e-08
9.270844127048560889e-08
9.214680825309143579e-08
9.158941975818094966e-08
9.103627087203952583e-08
9.048739668575865700e-08
8.994273606763167191e-08
8.940232086707273253e-08
8.886611939254260098e-08
8.833411086636064172e-08
8.780630573249498841e-08
8.728265249524122152e-08
8.676315161789343480e-08
8.624779323357146203e-08
8.573657758836273979e-08
8.522947469496987417e-08
8.472648494020266308e-08
8.422756892735369301e-08
8.373274341914519489e-08
8.324196117047031990e-08
8.275521073447825265e-08
8.227240288596460600e-08
8.179357479144729775e-08
8.131863781060052019e-08
8.084759973189350711e-08
8.038039188834549498e-08
7.991700291144688544e-08
7.945741169405295051e-08
7.900156907567404911e-08
7.854944483702926982e-08
7.810099041552479302e-08
7.765619577051401239e-08
7.721504749420558705e-08
7.677750642508353326e-08
7.634355180789381566e-08
7.591314504460269974e-08
7.548630127618111277e-08
7.506297302334928032e-08
7.464313978769339576e-08
7.422679857484548938e-08
7.381389388144290375e-08
7.340444014709537900e-08
7.299838230079624805e-08
7.259571734974186548e-08
7.219640637397117112e-08
7.180046380899642295e-08
7.140780910602076671e-08
7.101842976975122501e-08
7.063229632095639609e-08
7.024939585825383038e-08
6.986965751810827200e-08
6.949309323339155639e-08
6.911964077147373443e-08
6.874929533501949084e-08
6.838199521195807525e-08
6.801774353293611180e-08
6.765649491831721427e-08
6.729820484832670771e-08
6.694287851678701704e-08
6.659047386994330709e-08
6.624094920204174088e-08
6.589429422878579808e-08
6.555049062907933149e-08
6.520948148930221020e-08
6.487127940321828719e-08
6.453582007714728290e-08
6.420310817002486123e-08
6.387310253007839822e-08
6.354576232970667702e-08
6.322110672511148292e-08
6.289904311450009741e-08
6.257960016556161582e-08
6.226273984067421725e-08
6.194843172265487576e-08
6.163666009996299903e-08
6.132740189106912075e-08
6.102062682638397228e-08
6.071631195738420348e-08
6.041443434684201916e-08
6.011497106872051754e-08
5.981791332960631664e-08
5.952320991356766334e-08
5.923085211847963539e-08
5.894083043008144575e-08
5.865309133454897192e-08
5.836763644775438763e-08
5.808439828256013301e-08
5.780340570788692574e-08
5.752457787183920850e-08
5.724792961846152801e-08
5.697341447237188114e-08
5.670101983540304136e-08
5.643069954205781894e-08
5.616244098142310686e-08
5.589621149435455780e-08
5.563197198427993122e-08
5.536973808799028022e-08
5.510946823887928314e-08
5.485114296095280869e-08
5.459475580384384056e-08
5.434030662263279050e-08
5.408775669987837917e-08
5.383710596230814059e-08
5.358835410684528869e-08
5.334146278755148396e-08
5.309643177141309773e-08
5.285323561793355942e-08
5.261189885793112011e-08
5.237237726899679771e-08
5.213465060355721522e-08
5.189872444233107890e-08
5.166455994734533348e-08
5.143211861667524149e-08
5.120142885109198254e-08
5.097243986603451585e-08
5.074512541544684922e-08
5.051947728061107724e-08
5.029548109079996576e-08
5.007309277846045929e-08
4.985230995460734045e-08
4.963311232006335133e-08
4.941548542428834749e-08
4.919938669836644258e-08
4.898482457261890417e-08
4.877177354013876105e-08
4.856021404087608433e-08
4.835014377001908588e-08
4.814154315039303422e-08
4.793440971326260120e-08
4.772870693265677722e-08
4.752443239597557585e-08
4.732158350180654566e-08
4.712012402406095114e-08
4.692005141627350050e-08
4.672135189427521859e-08
4.652402287749167694e-08
4.632802949826189250e-08
4.613338111206888372e-08
4.594004323576748851e-08
4.574802504858251284e-08
4.555729225564289736e-08
4.536784312749435954e-08
4.517967575925225994e-08
4.499275613370919943e-08
4.480708769805265336e-08
4.462264724173065507e-08
4.443941698869446828e-08
4.425740543512810807e-08
4.407657916426190954e-08
4.389694726106109868e-08
4.371847723856127554e-08
4.354117301666718458e-08
4.336501260807784112e-08
4.318998952795769877e-08
4.301608193881450145e-08
4.284328845103758759e-08
4.267160246425744026e-08
4.250100220941481281e-08
4.233148111176204824e-08
4.216302752858595800e-08
4.199561987792134235e-08
4.182925238658614597e-08
4.166392731840171803e-08
4.149962301643179395e-08
4.133634741744557852e-08
4.117408385824948852e-08
4.101283039621197957e-08
4.085257050519268818e-08
4.069331189970161709e-08
4.053502847759878714e-08
4.037772789982967055e-08
4.022141760652252501e-08
4.006606212509908625e-08
3.991165005184715264e-08
3.975821579764798508e-08
3.960569868388044586e-08
3.945410749541389559e-08
3.930343204515852597e-08
3.915364816852893895e-08
3.900474108233607357e-08
3.885669600530204658e-08
3.870949357381994992e-08
3.856313276305048584e-08
3.841758049482728949e-08
3.827284022911398486e-08
3.812888806023101819e-08
3.798571371726358681e-08
3.784329166457122451e-08
3.770163874506164790e-08
3.756074757138828608e-08
3.742061088972080992e-08
3.728125690603661087e-08
3.714265183822789590e-08
3.700482379456318626e-08
3.686776555563830479e-08
3.673147438323269049e-08
3.659596494448205698e-08
3.646122148010843131e-08
3.632726291376951755e-08
3.619407361402010590e-08
3.606167892787243387e-08
3.593002773770711626e-08
3.579915237790301881e-08
3.566902540302939824e-08
3.553963645819454086e-08
3.541096679856385026e-08
3.528302288444087963e-08
3.515577761213417299e-08
3.502923732381439094e-08
3.490337917407213624e-08
3.477819698087119892e-08
3.465368039786172274e-08
3.452981089642940517e-08
3.440659575583103536e-08
3.428402255643670020e-08
3.416208831919410255e-08
3.404078199755872222e-08
3.392010873884554827e-08
3.380007758256537841e-08
3.368066546705482545e-08
3.356187745595680007e-08
3.344370264655576245e-08
3.332615394643177648e-08
3.320921255426423240e-08
3.309289126797045895e-08
3.297717530645391068e-08
3.286205733101623568e-08
3.274755517954062092e-08
3.263363170183760124e-08
3.252030414422196429e-08
3.240755486008597464e-08
3.229538167600796705e-08
3.218377855125685156e-08
3.207273564396435226e-08
3.196225074294730751e-08
3.185231025778617839e-08
3.174292328009250108e-08
3.163406869471310255e-08
3.152575175412555335e-08
3.141796284389820897e-08
3.131069685069499888e-08
3.120394514680464521e-08
3.109769915533218241e-08
3.099197607018794536e-08
3.088673785788440159e-08
3.078200532541787121e-08
3.067776619861493576e-08
3.057401192764363012e-08
3.047073401206646402e-08
3.036794920520644157e-08
3.026562731829849558e-08
3.016376711401399618e-08
3.006237893866917639e-08
2.996145183086925666e-08
2.986099007394519739e-08
2.976099437491266004e-08
2.966146192378437749e-08
2.956238995765256351e-08
2.946379322986580460e-08
2.936566193148709933e-08
2.926800027622083994e-08
2.917080205378500069e-08
2.907407838517248774e-08
2.897782307182766896e-08
2.888204028203480649e-08
2.878672305108288879e-08
2.869188493976429371e-08
2.859750452351830480e-08
2.850357750387101103e-08
2.841010969072893440e-08
2.831708996952993554e-08
2.822451066162562312e-08
2.813238748891011806e-08
2.804068602545462576e-08
2.794942527632363505e-08
2.785859420607625159e-08
2.776818515950338825e-08
2.767819380746277748e-08
2.758861275371121651e-08
2.749945177432656904e-08
2.741069792268071773e-08
2.732234810136032651e-08
2.723440244368523136e-08
2.714685138103849955e-08
2.705970147730890179e-08
2.697294957417362782e-08
2.688657656663089734e-08
2.680059852606681258e-08
2.671500275762264939e-08
2.662978616563591195e-08
2.654494250549135794e-08
2.646048124647313554e-08
2.637638970745143244e-08
2.629267090162474012e-08
2.620929977868031927e-08
2.612630425712472866e-08
2.604366551590288714e-08
2.596138033050290428e-08
2.587944547655923112e-08
2.579786691221445933e-08
2.571662301985888285e-08
2.563572587009890552e-08
2.555516611781837818e-08
2.547494356222823996e-08
2.539505568412185089e-08
2.531549388287881284e-08
2.523627136359863893e-08
2.515738924136380167e-08
2.507883375281210129e-08
2.500062395175088500e-08
2.492275205436550071e-08
2.484521923197578379e-08
2.476802665585107188e-08
2.469117842714184714e-08
2.461467568987378720e-08
2.453851667638856818e-08
2.446270255799811760e-08
2.438723383382066273e-08
2.431211119950453731e-08
2.423733176702413101e-08
2.416288404635864802e-08
2.408877666382668520e-08
2.401500670593635841e-08
2.394156273596338921e-08
2.386844191941820976e-08
2.379564989373577052e-08
2.372317811616356803e-08
2.365102372660790596e-08
2.357919226031058612e-08
2.350766404157784296e-08
2.343645032487067586e-08
2.336554330622243696e-08
2.329494090902019994e-08
2.322464105673153965e-08
2.315463892472228802e-08
2.308494342110386533e-08
2.301554420040563884e-08
2.294644463372387092e-08
2.287763173465619571e-08
2.280911159810773349e-08
2.274087672563896967e-08
2.267293313934229559e-08
2.260527334921016150e-08
2.253788987806142913e-08
2.247079644472103456e-08
2.240397727353431099e-08
2.233743000463956493e-08
2.227116020899917200e-08
2.220516018457806196e-08
2.213942754814867091e-08
2.207395991656920038e-08
2.200875751937342280e-08
2.194381274072539308e-08
2.187913101254385217e-08
2.181470472703163108e-08
2.175053150165477339e-08
2.168660970435752185e-08
2.162294583854716287e-08
2.155952918197179506e-08
2.149637212968651349e-08
2.143347932350510771e-08
2.137084776443342176e-08
2.130847957224674576e-08
2.124637686664769042e-08
2.118454679733482596e-08
2.112298391689944197e-08
2.106169036678531773e-08
2.100067576797570570e-08
2.093993722451240961e-08
2.087948073164009246e-08
2.081929306859270501e-08
2.075937483475676399e-08
2.069972411514783410e-08
2.064033161497699969e-08
2.058120031382643986e-08
2.052232092440800690e-08
2.046368907485349990e-08
2.040530523899869499e-08
2.034716017215522281e-08
2.028924227592540793e-08
2.023156165389443135e-08
2.017410189655556724e-08
2.011686914860756507e-08
2.005985407301293848e-08
2.000307686285909771e-08
1.994651486432452977e-08
1.989017875635661632e-08
1.983407204549277367e-08
1.977819116618993368e-08
1.972254431542815520e-08
1.966712326362654040e-08
1.961194317443696812e-08
1.955699118700148354e-08
1.950227312341008242e-08
1.944779013497182063e-08
1.939354482597324820e-08
1.933953407871000076e-08
1.928575163557908129e-08
1.923218898076431235e-08
1.917885586947416800e-08
1.912573010816088815e-08
1.907282594433966732e-08
1.902012580285722542e-08
1.896763253124376167e-08
1.891533767085508959e-08
1.886324401349054478e-08
1.881134310706927479e-08
1.875963100468091788e-08
1.870810508095816325e-08
1.865676799629352120e-08
1.860562815171321453e-08
1.855468067816661622e-08
1.850393618617290609e-08
1.845339425592815924e-08
1.840306544362891721e-08
1.835294933538159623e-08
1.830304991238832954e-08
1.825337115574145377e-08
1.820391704642345594e-08
1.815469156530702642e-08
1.810570299400597607e-08
1.805694243017956123e-08
1.800841611434245832e-08
1.796010455935382066e-08
1.791200754003833017e-08
1.786411200955328060e-08
1.781640919908890052e-08
1.776889034006860068e-08
1.772155087397349548e-08
1.767437360186517974e-08
1.762735397690767491e-08
1.758048531965341772e-08
1.753375468075627131e-08
1.748715954106796156e-08
1.744068983736999267e-08
1.739434707077775036e-08
1.734815215140509094e-08
1.730210119543211429e-08
1.725620684796395421e-08
1.721048171031024347e-08
1.716492610663894145e-08
1.711955061508288685e-08
1.707437187655321050e-08
1.702939228604869318e-08
1.698461632004842415e-08
1.694006057091521556e-08
1.689573351820333424e-08
1.685162915632070315e-08
1.680775566710110855e-08
1.676410668469013064e-08
1.672066789846900084e-08
1.667743696735113627e-08
1.663440953323321701e-08
1.659157530483679558e-08
1.654893386137971336e-08
1.650647491710315018e-08
1.646419213856883569e-08
1.642207919248892063e-08
1.638012974572594050e-08
1.633833746529284534e-08
1.629669719524285092e-08
1.625520848728309493e-08
1.621387207000719470e-08
1.617269251471324838e-08
1.613166477128816801e-08
1.609078958291748030e-08
1.605007341313997747e-08
1.600951315757752556e-08
1.596910575037212082e-08
1.592885951856737888e-08
1.588877516210662983e-08
1.584884584924711659e-08
1.580907609344061880e-08
1.576946631613130428e-08
1.573001571046717253e-08
1.569072689100443266e-08
1.565158941807643907e-08
1.561261334934754697e-08
1.557379197841077219e-08
1.553512050000589632e-08
1.549660519273057426e-08
1.545824124220513645e-08
1.542002753480964840e-08
1.538196295694845508e-08
1.534404639505019408e-08
1.530627673556780556e-08
1.526865658698641310e-08
1.523117803825429723e-08
1.519384417491995354e-08
1.515665624615164653e-08
1.511961009399366176e-08
1.508271055634240703e-08
1.504595347975956003e-08
1.500933831264758750e-08
1.497286450342045400e-08
1.493653150050361524e-08
1.490033521128557456e-08
1.486428217486112811e-08
1.482837181404170513e-08
1.479259649787486475e-08
1.475695909246604023e-08
1.472145890846039401e-08
1.468609874676066394e-08
1.465087267014509037e-08
1.461578000188086247e-08
1.458082179779198308e-08
1.454600082561434608e-08
1.451131292260646947e-08
1.447675739960801230e-08
1.444233356747235658e-08
1.440804073706659235e-08
1.437387821927153257e-08
1.433984534118445087e-08
1.430594149472663135e-08
1.427216608803404532e-08
1.423852191334896374e-08
1.420500160269186838e-08
1.417161132453319224e-08
1.413834206254933868e-08
1.410519996534412885e-08
1.407218610165516688e-08
1.403929651945466206e-08
1.400653062706056379e-08
1.397388783280203304e-08
1.394136423140561018e-08
1.390896586738492826e-08
1.387668883402300815e-08
1.384453254719104348e-08
1.381249970581799503e-08
1.378058315213325719e-08
1.374878559268671659e-08
1.371710644339372504e-08
1.368554512018071201e-08
1.365410103898517461e-08
1.362277523477754337e-08
1.359156711241240379e-08
1.356047124194107294e-08
1.352949349330440976e-08
1.349863005815863558e-08
1.346787718240102850e-08
1.343724392335821050e-08
1.340671694378079176e-08
1.337630527921174999e-08
1.334600518907817937e-08
1.331581929207443536e-08
1.328573754600076260e-08
1.325576890002320126e-08
1.322590964241367242e-08
1.319616236351962934e-08
1.316652336595487222e-08
1.313698898052233700e-08
1.310756180291520112e-08
1.307824286769444898e-08
1.304903164991876350e-08
1.301992298218904487e-08
1.299092254699005977e-08
1.296202364665316334e-08
1.293323193615845864e-08
1.290454381293288012e-08
1.287595876255965222e-08
1.284747627063080391e-08
1.281909582274712566e-08
1.279081690451820085e-08
1.276263900156239092e-08
1.273456160624962623e-08
1.270658423792950576e-08
1.267870642270254891e-08
1.265092768667738145e-08
1.262325055688372384e-08
1.259567154544489615e-08
1.256818719071555000e-08
1.254079852907460764e-08
1.251351104613274128e-08
1.248631978634396059e-08
1.245922131394867586e-08
1.243222108558026439e-08
1.240531565906499270e-08
1.237850161806350979e-08
1.235178731857592757e-08
1.232516052963626444e-08
1.229863251237028270e-08
1.227219108636914249e-08
1.224584455104774354e-08
1.221958951028414737e-08
1.219342839077181060e-08
1.216735491625967059e-08
1.214137151966491737e-08
1.211547772878208164e-08
1.208967594571418153e-08
1.206395994356688502e-08
1.203833500159702528e-08
1.201279496182544824e-08
1.198734084866298036e-08
1.196197794036055191e-08
1.193670153412923758e-08
1.191151121127121175e-08
1.188640372703274649e-08
1.186138432079102377e-08
1.183644692764029916e-08
1.181159676321954708e-08
1.178683058873843941e-08
1.176214798553748209e-08
1.173754853496353876e-08
1.171303182334875662e-08
1.168859745694716360e-08
1.166424504699765924e-08
1.163997420474503594e-08
1.161578730327717836e-08
1.159167842445453823e-08
1.156764994711765095e-08
1.154370422726379260e-08
1.151983538104441054e-08
1.149604850357029822e-08
1.147233773366387547e-08
1.144870678277200629e-08
1.142515253721520851e-08
1.140167597305633631e-08
1.137827941139136471e-08
1.135495705225110435e-08
1.133171391757489301e-08
1.130854691846117246e-08
1.128545567148043655e-08
1.126243979320864842e-08
1.123949622770128604e-08
1.121662994202472070e-08
1.119384053648840387e-08
1.117111964262535943e-08
1.114847486210378149e-08
1.112590314984418356e-08
1.110340677133838454e-08
1.108098010071295892e-08
1.105862545208550978e-08
1.103634249401538666e-08
1.101413089506666564e-08
1.099199293758407227e-08
1.096992305735055630e-08
1.094792354197564771e-08
1.092599665815214398e-08
1.090413687305893775e-08
1.088234775247791245e-08
1.086062637467927068e-08
1.083897628217825080e-08
1.081739455638165480e-08
1.079587830122893275e-08
1.077443232792250386e-08
1.075305373580376602e-08
1.073173964455166601e-08
1.071049483488233731e-08
1.068931642142417199e-08
1.066820407586571905e-08
1.064715746989989333e-08
1.062617627522396066e-08
1.060525764156943301e-08
1.058440880655269350e-08
1.056362187597371994e-08
1.054289654392101638e-08
1.052224004145544044e-08
1.050164456421797446e-08
1.048111233651522714e-08
1.046064556312972422e-08
1.044023898109026533e-08
1.041989480004630843e-08
1.039961521030211456e-08
1.037939250957307791e-08
1.035923629802929301e-08
1.033914134658550963e-08
1.031910491842229987e-08
1.029913041892223494e-08
1.027921511307215162e-08
1.025936238224087972e-08
1.023956949114921654e-08
1.021983372334826280e-08
1.020015965845856609e-08
1.018054457535292353e-08
1.016098577156522761e-08
1.014148779874061051e-08
1.012204794977666700e-08
1.010266593871066027e-08
1.008334147958338885e-08
1.006407189295701509e-08
1.004486168440497916e-08
1.002570817911864885e-08
1.000661113713708422e-08
9.987570327699115749e-09
9.968587890856240412e-09
9.949658849738812132e-09
9.930785348911742944e-09
9.911967157625194045e-09
9.893204045132178753e-09
9.874495780688562503e-09
9.855844477592247075e-09
9.837245212610119706e-09
9.818700103474911771e-09
9.800211250282689386e-09
9.781773753108924602e-09
9.763392022737139026e-09
9.745061160965504287e-09
9.726783244570381073e-09
9.708559178413077043e-09
9.690386401601878439e-09
9.672268121615974708e-09
9.654201779764351222e-09
9.636184834544970263e-09
9.618221624363279796e-09
9.600307320084885237e-09
9.582446243057603995e-09
9.564635856056755917e-09
9.546875917606363516e-09
9.529166218761634730e-09
9.511506558712251784e-09
9.493894478560419820e-09
9.476334297850088742e-09
9.458823553506113915e-09
9.441362044727374160e-09
9.423949570715026356e-09
9.406585930672521978e-09
9.389270923805593866e-09
9.372004349322269460e-09
9.354786006432859217e-09
9.337615694349964886e-09
9.320495430870374674e-09
9.303420585694790495e-09
9.286393189049519190e-09
9.269413050186605624e-09
9.252482179117837597e-09
9.235595979574251499e-09
9.218756465593276672e-09
9.201965635195731936e-09
9.185218916147119262e-09
9.168518310460657932e-09
9.151865804265121972e-09
9.135256849162225248e-09
9.118693435240301522e-09
9.102176455627883978e-09
9.085705720355051985e-09
9.069277804939619101e-09
9.052896845025685967e-09
9.036560496725308403e-09
9.020266431694528221e-09
9.004018762270275724e-09
8.987813018344021241e-09
8.971653296820004585e-09
8.955537273221133444e-09
8.939464764819699950e-09
8.923435588889883862e-09
8.907447443897065887e-09
8.891502277225358269e-09
8.875604147227123410e-09
8.859746548442538715e-09
8.843931435509031610e-09
8.828158648041801923e-09
8.812425929416324199e-09
8.796739407975374970e-09
8.781092634614963320e-09
8.765487545198400320e-09
8.749923979349273411e-09
8.734401776692832668e-09
8.718920776856008994e-09
8.703480819467412472e-09
8.688081745679243771e-09
8.672725465791025433e-09
8.657407698813441134e-09
8.642130360219076890e-09
8.626895350947701474e-09
8.611696363254270253e-09
8.596541447386586774e-09
8.581426347802760432e-09
8.566346837726331423e-09
8.551310924263784645e-09
8.536312342823886194e-09
8.521355007077143585e-09
8.506434708056758821e-09
8.491554337801488352e-09
8.476711736259148967e-09
8.461909792514520999e-09
8.447144341424724460e-09
8.432419269790457758e-09
8.417732428987147030e-09
8.403083683372496167e-09
8.388472897305489532e-09
8.373897943072943848e-09
8.359362672636429001e-09
8.344862969647114270e-09
8.330402672256901712e-09
8.315979656210896334e-09
8.301593786242155080e-09
8.287242957061965686e-09
8.272930981613563552e-09
8.258655751568268252e-09
8.244415172181495039e-09
8.230213036026187273e-09
8.216047244977693427e-09
8.201917665609358711e-09
8.187824164495797232e-09
8.173766608212890336e-09
8.159746804536847728e-09
8.145760734325289319e-09
8.131810208688065254e-09
8.117895099083123176e-09
8.104015296477665654e-09
8.090170696716938148e-09
8.076361195647165497e-09
8.062588607232250549e-09
8.048848987822901803e-09
8.035144154657400017e-09
8.021474003585904102e-09
8.007838430459563933e-09
7.994239233008824785e-09
7.980670601451906798e-09
7.967141928158338168e-09
7.953643618930220388e-09
7.940179364868894499e-09
7.926749051505821775e-09
7.913352562308434448e-09
7.899991660231907617e-09
7.886662466605940821e-09
7.873368620723766627e-09
7.860106256583976042e-09
7.846878067413170046e-09
7.833682068250366696e-09
7.820520938181080960e-09
7.807390836351713168e-09
7.794295364346163139e-09
7.781232545060918632e-09
7.768200416983968301e-09
7.755200733767310973e-09
7.742235239854170361e-09
7.729301989532516963e-09
7.716400885265343888e-09
7.703529996707883791e-09
7.690692894992217693e-09
7.677887646717425474e-09
7.665114154349850322e-09
7.652370499703824950e-09
7.639660229573190990e-09
7.626981422746337013e-09
7.614335793307791928e-09
7.601717809411700931e-09
7.589132811014403162e-09
7.576578892141815997e-09
7.564054158767481526e-09
7.551563915537815561e-09
7.539100875353218551e-09
7.526672124741847145e-09
7.514270400293729011e-09
7.501902764908955671e-09
7.489563760718146766e-09
7.477253302164398537e-09
7.464974855898694860e-09
7.452728318817126483e-09
7.440510048006471148e-09
7.428321729091420576e-09
7.416165036868316404e-09
7.404034588029532631e-09
7.391935586425322041e-09
7.379867933703262121e-09
7.367828025473058361e-09
7.355819280964372278e-09
7.343836359892574119e-09
7.331886167592009924e-09
7.319965113986834194e-09
7.308071370534616835e-09
7.296206592012596899e-09
7.284372423895753681e-09
7.272565317181219190e-09
7.260786930098087781e-09
7.249038909667250806e-09
7.237316003662352452e-09
7.225625027977877981e-09
7.213962455221042979e-09
7.202326493911951111e-09
7.190720496464508378e-09
7.179140106332315863e-09
7.167590374471736585e-09
7.156066953968152014e-09
7.144573175225312055e-09
7.133107254981533466e-09
7.121667420728449535e-09
7.110256986261174902e-09
7.098872487187355589e-09
7.087517226456121487e-09
7.076189434233202962e-09
7.064887351466680122e-09
7.053614264934912343e-09
7.042366737203226151e-09
7.031148044334517832e-09
7.019956429958448073e-09
7.008790148357446980e-09
6.997652459618012876e-09
6.986541615691027518e-09
6.975457540182777988e-09
6.964398499851785776e-09
6.953369390133111476e-09
6.942365163448462861e-09
6.931385751573003749e-09
6.920436026405769167e-09
6.909510963907955860e-09
6.898610495800046044e-09
6.887737831664787516e-09
6.876891251310507420e-09
6.866070678669935533e-09
6.855276037676391414e-09
6.844505623853023324e-09
6.833764248481675549e-09
6.823046951058338083e-09
6.812355285780120056e-09
6.801689178169549371e-09
6.791048553749723027e-09
6.780431724597361623e-09
6.769843456577527776e-09
6.759278834874187618e-09
6.748739398459645168e-09
6.738226676275258126e-09
6.727735783601228809e-09
6.717271456210911638e-09
6.706833615746236610e-09
6.696419011228607493e-09
6.686029188074538425e-09
6.675664093265504232e-09
6.665323673783394985e-09
6.655009460247457109e-09
6.644718229920544296e-09
6.634451515874441375e-09
6.624210841409333617e-09
6.613992998447228913e-09
6.603799512723375921e-09
6.593630331222449002e-09
6.583486967567012347e-09
6.573367793310418477e-09
6.563271173704170889e-09
6.553198598469167903e-09
6.543151547739601353e-09
6.533126828117082881e-09
6.523127474415895938e-09
6.513150302769129464e-09
6.503198338484409995e-09
6.493267634584289801e-09
6.483362753285683695e-09
6.473479755872510222e-09
6.463621648773931563e-09
6.453785276447518143e-09
6.443973639271711013e-09
6.434185138814806881e-09
6.424418189285499204e-09
6.414675793694436855e-09
6.404954839727458822e-09
6.395258321132516615e-09
6.385584654435716352e-09
6.375933782676243000e-09
6.366304133878717123e-09
6.356697170664676212e-09
6.347115856965637706e-09
6.337554089446393369e-09
6.328016342509041523e-09
6.318499544118752782e-09
6.309006642024284084e-09
6.299536067529812055e-09
6.290087757853784040e-09
6.280661650215053529e-09
6.271257681832892566e-09
6.261874299735267187e-09
6.252514423750709240e-09
6.243176498677832094e-09
6.233860461737594413e-09
6.224566250151374245e-09
6.215292322022075210e-09
6.206043051928574023e-09
6.196812466185000279e-09
6.187606411181721629e-09
6.178418936655451204e-09
6.169254404486244376e-09
6.160111286405778123e-09
6.150990990516430094e-09
6.141889069588383727e-09
6.132809859391036083e-09
6.123751840361595801e-09
6.114714956770782470e-09
6.105699152889680462e-09
6.096705823918431616e-09
6.087730561342826436e-09
6.078779108524339502e-09
6.069847061529345094e-09
6.060935811242456411e-09
6.052045299753218681e-09
6.043175469151560116e-09
6.034326261527795222e-09
6.025497618972619007e-09
6.016690915484524223e-09
6.007903227251177103e-09
5.999135930365677825e-09
5.990388966920249201e-09
5.981663702587960010e-09
5.972955808720440688e-09
5.964270918177652956e-09
5.955604711417806680e-09
5.946958555521880016e-09
5.938333809340227013e-09
5.929727589838368259e-09
5.921141257917973076e-09
5.912574759150695296e-09
5.904029444233162048e-09
5.895502446461473247e-09
5.886996519639916953e-09
5.878508805173439665e-09
5.870042048777521311e-09
5.861593399928614384e-09
5.853164202876640288e-09
5.844754401287402255e-09
5.836365327483811143e-09
5.827995531732192177e-09
5.819643572268414985e-09
5.811310781416494713e-09
5.802998483568156659e-09
5.794703857826273251e-09
5.786428919142999103e-09
5.778172232657278345e-09
5.769935804469111201e-09
5.761718200713021497e-09
5.753517995348165347e-09
5.745336506252799755e-09
5.737175048893520103e-09
5.729032205295315695e-09
5.720906565236575462e-09
5.712800805191018057e-09
5.704712155266785212e-09
5.696643284229180517e-09
5.688592783784971766e-09
5.680560605303225576e-09
5.672545350061892535e-09
5.664549671514464950e-09
5.656570822740489872e-09
5.648611449589711845e-09
5.640670154797667993e-09
5.632746887511996656e-09
5.624840257686524829e-09
5.616952893399138230e-09
5.609082067721613875e-09
5.601231734367299142e-09
5.593396505757955296e-09
5.585580330006969908e-09
5.577781822683230791e-09
5.570000932492114244e-09
5.562236284274223366e-09
5.554490476307335035e-09
5.546762131586804309e-09
5.539051198219849198e-09
5.531356305393459414e-09
5.523680033090267799e-09
5.516021008069292100e-09
5.508379175442305161e-09
5.500754480321392502e-09
5.493146867818951490e-09
5.485556283047692167e-09
5.477982671120643865e-09
5.470425977151141973e-09
5.462886146252837864e-09
5.455363123539694759e-09
5.447856854125991859e-09
5.440365990570649183e-09
5.432893081209880595e-09
5.425436788488920729e-09
5.417997071523000479e-09
5.410575177232949513e-09
5.403168487362647693e-09
5.395778250598377920e-09
5.388404426056290088e-09
5.381046972852769009e-09
5.373705850104435240e-09
5.366381016928135162e-09
5.359072432440954207e-09
5.351780055760206939e-09
5.344503844177253040e-09
5.337243747678925435e-09
5.329999714426157586e-09
5.322771692580180743e-09
5.315560895516120327e-09
5.308364739257559162e-09
5.301184438895016588e-09
5.294019942590891006e-09
5.286871198507877776e-09
5.279738154808969214e-09
5.272622014661165643e-09
5.265520214532018078e-09
5.258433959281415658e-09
5.251363198266208897e-09
5.244309133885726536e-09
5.237269223244031435e-09
5.230244671611192576e-09
5.223235434308545540e-09
5.216242708255431882e-09
5.209263963918838588e-09
5.202300399881574039e-09
5.195351971465977190e-09
5.188419868976628067e-09
5.181501576127444725e-09
5.174598284872052126e-09
5.167711180591539622e-09
5.160837756698822352e-09
5.153979199408796826e-09
5.147136688245518086e-09
5.140307725613367767e-09
5.133494714585583171e-09
5.126695164062007333e-09
5.119910251943974560e-09
5.113141149673021646e-09
5.106385375839807067e-09
5.099645317368540879e-09
5.092918499275743987e-09
5.086207302074506859e-09
5.079509257179682600e-09
5.072826740194359839e-09
5.066157296272716897e-09
5.059503302029752300e-09
5.052861709063132994e-09
5.046236091194080185e-09
5.039623405547351806e-09
5.033026016106219313e-09
5.026441488448545093e-09
5.019872180282065019e-09
5.013315663447574968e-09
5.006774289403984886e-09
5.000245636228383961e-09
4.993732049157426914e-09
4.987231110438996471e-09
4.980745148918936042e-09
4.974272926892998830e-09
4.967813212820580900e-09
4.961368324264155104e-09
4.954937028147639507e-09
4.948518097519610015e-09
4.942113840756656591e-09
4.935721854489576709e-09
4.929344441003227589e-09
4.922980374870196759e-09
4.916628436723676030e-09
4.910290919758721726e-09
4.903966605403391631e-09
4.897654290327325523e-09
4.891356272520842514e-09
4.885071349457735941e-09
4.878799485952214987e-09
4.872539486951867372e-09
4.866293638490204962e-09
4.860060744026677021e-09
4.853840768376168542e-09
4.847633676353732432e-09
4.841438280304048817e-09
4.835256851453662329e-09
4.829088200674477037e-09
4.822932292259565933e-09
4.816789088411567706e-09
4.810657405660189320e-09
4.804539497441664660e-09
4.798434178828102571e-09
4.792341411500222210e-09
4.786261157138925540e-09
4.780193377425298987e-09
4.774136897575268991e-09
4.768093953638115945e-09
4.762063369390040235e-09
4.756045106512868612e-09
4.750039126688603192e-09
4.744045391943540165e-09
4.738063865680563909e-09
4.732094511646841299e-09
4.726137293589708779e-09
4.720192175256678159e-09
4.714259120395432474e-09
4.708338092753824330e-09
4.702429056079883352e-09
4.696530856112730698e-09
4.690645694018527954e-09
4.684772414134281301e-09
4.678910980208719329e-09
4.673061355990736894e-09
4.667223505045770115e-09
4.661397390204885821e-09
4.655582974115686315e-09
4.649781326316585799e-09
4.643990194297015952e-09
4.638210648975770958e-09
4.632442653001161186e-09
4.626686169021670715e-09
4.620941159685964775e-09
4.615207587642885613e-09
4.609485415541447530e-09
4.603774606030848460e-09
4.598075121760463355e-09
4.592386926779675315e-09
4.586709990737358240e-09
4.581044284682359433e-09
4.575390868862076380e-09
4.569747534586672472e-09
4.564115343448604561e-09
4.558494266497262584e-09
4.552884274782175444e-09
4.547285339353011009e-09
4.541698512444784333e-09
4.536121601410671273e-09
4.530555659814912361e-09
4.525000658707717268e-09
4.519456568347530792e-09
4.513924430404862875e-09
4.508402060706525089e-09
4.502890501447382958e-09
4.497389718926986593e-09
4.491899679445047411e-09
4.486421417339728855e-09
4.480952761533874315e-09
4.475494747669097765e-09
4.470048406189822502e-09
4.464611573815362010e-09
4.459185282285995771e-09
4.453769497902542794e-09
4.448365246239154844e-09
4.442970375771111548e-09
4.437585914789519630e-09
4.432212886458350718e-09
4.426849147230454148e-09
4.421495721548210837e-09
4.416153628756432523e-09
4.410820732954970410e-09
4.405498054759686100e-09
4.400186609718166616e-09
4.394884269533326849e-09
4.389592051016514571e-09
4.384310965939817164e-09
4.379038894936686713e-09
4.373777899137377510e-09
4.368525871045990580e-09
4.363283829407247080e-09
4.358052787974360081e-09
4.352830646739173739e-09
4.347619455724356766e-09
4.342417119889902649e-09
4.337224651747480953e-09
4.332043058864457878e-09
4.326870253617761726e-09
4.321708273669488078e-09
4.316555036317792747e-09
4.311412573353411892e-09
4.306278802177827764e-09
4.301155744889575557e-09
4.296041322814427100e-09
4.290937042405014519e-09
4.285841852001706285e-09
4.280757252594017684e-09
4.275681175220921151e-09
4.270615627412604744e-09
4.265558545037316530e-09
4.260511930805521218e-09
4.255473725396673571e-09
4.250445926719530115e-09
4.245427491186777611e-09
4.240417380878244577e-09
4.235417587864752836e-09
4.230426066106573673e-09
4.225444802917348685e-09
4.220471757006189746e-09
4.215508910947178834e-09
4.210555230604102859e-09
4.205609686558780154e-09
4.200674254308768345e-09
4.195746904358625947e-09
4.190829607509953311e-09
4.185921335519054395e-09
4.181021066014127764e-09
4.176130768770791876e-09
4.171249426237641143e-09
4.166377017427291072e-09
4.161512530594438390e-09
4.156657927422683135e-09
4.151812195009945517e-09
4.146974325069314772e-09
4.142146272362025759e-09
4.137327027450719955e-09
4.132515585487982994e-09
4.127713894350523103e-09
4.122920948046759766e-09
4.118135745305986078e-09
4.113360227937820061e-09
4.108593394313492309e-09
4.103835224382512045e-09
4.099084722186038398e-09
4.094343820618360734e-09
4.089611522590962585e-09
4.084886835522455969e-09
4.080172656956347830e-09
4.075465078959079012e-09
4.070766995709334620e-09
4.066077415747694602e-09
4.061395352081185824e-09
4.056722718666652832e-09
4.052058522441031276e-09
4.047402737406750840e-09
4.042754375057339407e-09
4.038115335516989652e-09
4.033484629173888684e-09
4.028862230030867372e-09
4.024248112090858326e-09
4.019642249356892593e-09
4.015044615832100482e-09
4.010455185519712388e-09
4.005872978687373536e-09
4.001300830545553741e-09
3.996734903628593215e-09
3.992178036382114781e-09
3.987629257960313047e-09
3.983088550165255071e-09
3.978555894799077390e-09
3.974031273663988508e-09
3.969514668562260622e-09
3.965006061296239548e-09
3.960505433668339756e-09
3.956012767481044375e-09
3.951528044536906842e-09
3.947051246638545115e-09
3.942581416908963740e-09
3.938120415657725562e-09
3.933667285375926215e-09
3.929222008383717479e-09
3.924784567001318135e-09
3.920354943549018930e-09
3.915933120347172648e-09
3.911519079716200731e-09
3.907112803976591621e-09
3.902714275448903243e-09
3.898323476453759698e-09
3.893940389311849607e-09
3.889564996343932726e-09
3.885197279870833334e-09
3.880837221326944976e-09
3.876484798600729817e-09
3.872139988694236660e-09
3.867802768609599508e-09
3.863473115349044181e-09
3.859151005914880872e-09
3.854837335115682983e-09
3.850530243316974583e-09
3.846229710595161015e-09
3.841937546491422975e-09
3.837653724945319460e-09
3.833376394505401849e-09
3.829106446912259605e-09
3.824842950892747815e-09
3.820588627437506788e-09
3.816340735905870038e-09
3.812100178341360260e-09
3.807867852748891720e-09
3.803641936230912524e-09
3.799423327799445051e-09
3.795212018827102219e-09
3.791007098064930513e-09
3.786811264750401793e-09
3.782621802391433815e-09
3.778439604982367230e-09
3.774264663895979563e-09
3.770097865340184996e-09
3.765936493686977464e-09
3.761784112048083188e-09
3.757638004952952415e-09
3.753499043560378274e-09
3.749368095087341320e-09
3.745243347623465863e-09
3.741125669368850677e-09
3.737015034825358903e-09
3.732911418494950463e-09
3.728815682705623557e-09
3.724726025334750268e-09
3.720643309685073881e-09
3.716567513086292333e-09
3.712498624177605172e-09
3.708437517403531531e-09
3.704382417310177815e-09
3.700334199308440897e-09
3.696292854865013081e-09
3.692259254575638476e-09
3.688231630690887525e-09
3.684210854766340732e-09
3.680197794528295261e-09
3.676190687971385324e-09
3.672190403776856670e-09
3.668196933411624114e-09
3.664210266962551709e-09
3.660231260505582420e-09
3.656258153263368320e-09
3.652292670499296260e-09
3.648333055216845828e-09
3.644380161166946778e-09
3.640434838335910369e-09
3.636495335374408836e-09
3.632562503207653477e-09
3.628636325022639168e-09
3.624717647066695483e-09
3.620804725475534971e-09
3.616899268629169866e-09
3.612998676464277834e-09
3.609106376863727092e-09
3.605219774296448578e-09
3.601340571819598979e-09
3.597467038800743657e-09
3.593600018947797893e-09
3.589740352285850510e-09
3.585887167528834232e-09
3.582039597061239089e-09
3.578199332901108961e-09
3.574364655437163926e-09
3.570536402862586358e-09
3.566714560464042148e-09
3.562899962084548082e-09
3.559091743862377447e-09
3.555288199224744697e-09
3.551492702657990359e-09
3.547703545780120275e-09
3.543919871265484118e-09
3.540142511260223676e-09
3.536371452271530097e-09
3.532608363098433699e-09
3.528849863876379764e-09
3.525098464554867895e-09
3.521352472031886546e-09
3.517612713066636971e-09
3.513880011469001746e-09
3.510152682541119385e-09
3.506432388960790616e-09
3.502718284223759433e-09
3.499008275635750097e-09
3.495306521345026495e-09
3.491610926451620484e-09
3.487920650627535906e-09
3.484237345963103362e-09
3.480559342489961068e-09
3.476887460903731455e-09
3.473222518403035373e-09
3.469563676411458081e-09
3.465910923728096032e-09
3.462263419194574578e-09
3.458621970816877336e-09
3.454987383133003015e-09
3.451357991782893824e-09
3.447736244075169113e-09
3.444118836337390758e-09
3.440507394059207598e-09
3.436902717476066924e-09
3.433303968360127906e-09
3.429710311911747235e-09
3.426123364177143630e-09
3.422541474543407992e-09
3.418965443595753489e-09
3.415396076756472953e-09
3.411832553295912918e-09
3.408274867442889671e-09
3.404722202707537180e-09
3.401176175599882191e-09
3.397635968784919142e-09
3.394101576491531735e-09
3.390572185596766062e-09
3.387048599357901640e-09
3.383531617676445915e-09
3.380020427429499985e-09
3.376515022846029032e-09
3.373014593222094402e-09
3.369520731173871764e-09
3.366031814858892218e-09
3.362548631125030600e-09
3.359072763359934808e-09
3.355600994157296785e-09
3.352134908559452801e-09
3.348676085006740584e-09
3.345222112557485956e-09
3.341772977355267596e-09
3.338330255378955828e-09
3.334893133745163553e-09
3.331460802844742202e-09
3.328034835384589628e-09
3.324614429134853292e-09
3.321199577608607054e-09
3.317789484284708033e-09
3.314385723554693010e-09
3.310986709670521952e-09
3.307594013784004328e-09
3.304206840184015109e-09
3.300824396386058180e-09
3.297448248702087737e-09
3.294077603842964413e-09
3.290712455321937019e-09
3.287352796652270906e-09
3.283997838100503931e-09
3.280649131700325470e-09
3.277305880655933523e-09
3.273968070963608650e-09
3.270635688619672772e-09
3.267308719620485861e-09
3.263985595497984585e-09
3.260670189198879185e-09
3.257358601345037839e-09
3.254053147262366889e-09
3.250753810587765574e-09
3.247458255067464493e-09
3.244168788948489415e-09
3.240884624522232789e-09
3.237604978721273819e-09
3.234331382500282320e-09
3.231063052389843022e-09
3.227799976655775655e-09
3.224542143563934276e-09
3.221289541380206032e-09
3.218041392070652248e-09
3.214799217272445490e-09
3.211562238178979741e-09
3.208330443056276977e-09
3.205103820170395570e-09
3.201882357787428220e-09
3.198665283507345207e-09
3.195454114855092424e-09
3.192248843943640456e-09
3.189047184691379365e-09
3.185851411990650665e-09
3.182660760084519995e-09
3.179475223378393879e-09
3.176294039911586184e-09
3.173118717577343893e-09
3.169948493658204907e-09
3.166783362559639861e-09
3.163624072038134581e-09
3.160468356446193116e-09
3.157317716935198418e-09
3.154173642829655173e-09
3.151033864244448448e-09
3.147899118697321711e-09
3.144768642990820220e-09
3.141644669385681744e-09
3.138524189576836201e-09
3.135409433594440742e-09
3.132299638984762437e-09
3.129194791415088958e-09
3.126095620973691793e-09
3.122999880065116850e-09
3.119910530568741592e-09
3.116824585778184275e-09
3.113745006162981930e-09
3.110668815362691574e-09
3.107598228857995765e-09
3.104532496201632330e-09
3.101471608428353092e-09
3.098415556572939240e-09
3.095364331670195535e-09
3.092317924754954866e-09
3.089275591202471533e-09
3.086239529026429988e-09
3.083207522282936870e-09
3.080180297666524836e-09
3.077157846744930023e-09
3.074140163217008163e-09
3.071127241314410705e-09
3.068119075268803160e-09
3.065115659311868408e-09
3.062116987675305049e-09
3.059123054590830293e-09
3.056133854290174997e-09
3.053149381005087390e-09
3.050169628967334313e-09
3.047195318054491279e-09
3.044224265560970662e-09
3.041259366889240675e-09
3.038298439941132680e-09
3.035341473496849913e-09
3.032390621185421349e-09
3.029443699684659493e-09
3.026500696251813921e-09
3.023563758204743498e-09
3.020629989208244119e-09
3.017702253110693680e-09
3.014778377092423364e-09
3.011858348394448087e-09
3.008944303881874117e-09
3.006034792848111317e-09
3.003128370131114048e-09
3.000227170219512328e-09
2.997330471325062953e-09
2.994438982383940581e-09
2.991551272370268411e-09
2.988668050908478796e-09
2.985788602809811621e-09
2.982915057018861536e-09
2.980045276280222477e-09
2.977179967471841077e-09
2.974319834742202453e-09
2.971463456648509935e-09
2.968611538020041857e-09
2.965764074701459308e-09
2.962921060917203203e-09
2.960081779494932252e-09
2.957248331305701809e-09
2.954419291293325177e-09
2.951593942688616903e-09
2.948772975856529456e-09
2.945955675366347846e-09
2.943144132004341162e-09
2.940336227231399358e-09
2.937532648725397710e-09
2.934734081493589404e-09
2.931938415008970134e-09
2.929148429600412826e-09
2.926362018440179436e-09
2.923580570619286763e-09
2.920802689365310390e-09
2.918029067916754206e-09
2.915259702620806823e-09
2.912494589824663885e-09
2.909733725875531377e-09
2.906977107120630583e-09
2.904224729907188169e-09
2.901477281551770227e-09
2.898732685493646341e-09
2.895994390316914770e-09
2.893258941439921505e-09
2.890527025945667027e-09
2.887800697604754722e-09
2.885077878473012383e-09
2.882359244060531903e-09
2.879645467287687139e-09
2.876935163108521727e-09
2.874229005089425176e-09
2.871526980377076587e-09
2.868829076118190220e-09
2.866135962018373204e-09
2.863446259466647960e-09
2.860760638809718026e-09
2.858079087194445311e-09
2.855402273125675925e-09
2.852729509241020037e-09
2.850059433345232676e-09
2.847394756909853135e-09
2.844733439003732481e-09
2.842076153627900207e-09
2.839422896050358776e-09
2.836773661539124714e-09
2.834129120304085058e-09
2.831487917101053260e-09
2.828850722769411144e-09
2.826217532577228587e-09
2.823589686659617865e-09
2.820964488699151047e-09
2.818343277072032240e-09
2.815726713996333892e-09
2.813112779441198546e-09
2.810504146068668053e-09
2.807899464412993540e-09
2.805297389972089661e-09
2.802699920500289076e-09
2.800107045799238173e-09
2.797517423218429232e-09
2.794932377489765995e-09
2.792351233426948148e-09
2.789773318303086409e-09
2.787198625179398960e-09
2.784629134855404799e-09
2.782063507607087596e-09
2.779500408599663184e-09
2.776942475862873963e-09
2.774387712618111740e-09
2.771837429968606989e-09
2.769290296118506830e-09
2.766746960837011124e-09
2.764208071470622280e-09
2.761672957555825623e-09
2.759140951044644679e-09
2.756612699283672021e-09
2.754088192444353401e-09
2.751568080497210790e-09
2.749051702754488959e-09
2.746537746829766212e-09
2.744029479608156111e-09
2.741522974106852537e-09
2.739021493030613717e-09
2.736523073474588917e-09
2.734029015264442377e-09
2.731538661899069050e-09
2.729051359250246863e-09
2.726567754240847603e-09
2.724088491427929987e-09
2.721612267286218161e-09
2.719139720798109117e-09
2.716671487357771408e-09
2.714206907209688148e-09
2.711745322946686285e-09
2.709287369963025366e-09
2.706833036664785174e-09
2.704382955521715792e-09
2.701935826230352777e-09
2.699492924743515542e-09
2.697053595406332516e-09
2.694616543148800148e-09
2.692184324495182670e-09
2.689755644625404189e-09
2.687329858990471827e-09
2.684908245042540994e-09
2.682489520211726225e-09
2.680074959644525749e-09
2.677662645368933855e-09
2.675255126214468458e-09
2.672850485930849419e-09
2.670450631061148370e-09
2.668052377959062076e-09
2.665659537705136380e-09
2.663268296368375937e-09
2.660881824482126393e-09
2.658498215627171112e-09
2.656118731289477023e-09
2.653741783927848577e-09
2.651369896056531496e-09
2.649000218656660340e-09
2.646634009934928044e-09
2.644271893832687139e-09
2.641912604457729706e-09
2.639557394949031622e-09
2.637205001660161306e-09
2.634856675487655968e-09
2.632511781982693726e-09
2.630169062529690136e-09
2.627831642351411312e-09
2.625496376556323535e-09
2.623164502977394485e-09
2.620836630825313149e-09
2.618511496218169479e-09
2.616190331994796362e-09
2.613872499008834721e-09
2.611557982293729780e-09
2.609245524040645108e-09
2.606937596066434988e-09
2.604632939462034606e-09
2.602330919485612371e-09
2.600032761268599401e-09
2.597737832654100623e-09
2.595445516202594201e-09
2.593157052561738299e-09
2.590871209831284914e-09
2.588588609975242756e-09
2.586309872783314670e-09
2.584034385037317644e-09
2.581762150566960602e-09
2.579492558862256889e-09
2.577226842971596500e-09
2.574963778583051453e-09
2.572704596587726775e-09
2.570448687014920346e-09
2.568195438926334699e-09
2.565945453287972224e-09
2.563699325805518758e-09
2.561456429955339674e-09
2.559216750864707705e-09
2.556979664679489486e-09
2.554746375021480407e-09
2.552516257504249348e-09
2.550288689866293746e-09
2.548064872542162564e-09
2.545844182740319479e-09
2.543625999785156173e-09
2.541411520937472289e-09
2.539199522604183370e-09
2.536991211737115845e-09
2.534785378648239007e-09
2.532583230546656857e-09
2.530383559844032863e-09
2.528187571652717890e-09
2.525994662084835898e-09
2.523804830427321629e-09
2.521618075967107344e-09
2.519433197901006904e-09
2.517253196260320540e-09
2.515075070624281195e-09
2.512900020367752882e-09
2.510729239256551985e-09
2.508560326323617162e-09
2.506394469041811685e-09
2.504232254330853857e-09
2.502073075228613254e-09
2.499916922230050101e-09
2.497763785830141995e-09
2.495613062148444282e-09
2.493465930941943174e-09
2.491321194464465987e-09
2.489180030428655137e-09
2.487041835465242081e-09
2.484906600069316087e-09
2.482773724482903392e-09
2.480644978491616800e-09
2.478517404417620345e-09
2.476394542511767768e-09
2.474273438639357787e-09
2.472155859096994259e-09
2.470041210977256917e-09
2.467928903387586509e-09
2.465820109295859551e-09
2.463714237306861879e-09
2.461611284314204797e-09
2.459510661429068620e-09
2.457413537609146261e-09
2.455318737774732289e-09
2.453227424355411465e-09
2.451139003523981282e-09
2.449052883443123111e-09
2.446970222651407126e-09
2.444891011117663668e-09
2.442814075198509100e-09
2.440738826518781389e-09
2.438668163599908109e-09
2.436599752146529518e-09
2.434533585091898953e-09
2.432470234711608328e-09
2.430410271315857256e-09
2.428353107288342506e-09
2.426298737909500723e-09
2.424247159224614897e-09
2.422198367278978775e-09
2.420151781703667632e-09
2.418108551858804280e-09
2.416067521446300927e-09
2.414030412837931936e-09
2.411994921279862708e-09
2.409963341677724330e-09
2.407933373152813687e-09
2.405906160693941951e-09
2.403882272886231841e-09
2.401861132327913806e-09
2.399843306938369962e-09
2.397827078375126524e-09
2.395814157776662740e-09
2.393803399818139373e-09
2.391795941660819914e-09
2.389791209081534308e-09
2.387789198478316307e-09
2.385789906249208761e-09
2.383792761032354478e-09
2.381798895220236347e-09
2.379808303787060889e-09
2.377819282696963722e-09
2.375833527916776918e-09
2.373849899314143191e-09
2.371869519353995032e-09
2.369892377829157360e-09
2.367917336574437841e-09
2.365943824695922802e-09
2.363974651426677579e-09
2.362006990884353916e-09
2.360042523403716396e-09
2.358081238789055075e-09
2.356121443328520740e-09
2.354164813148326121e-09
2.352210777816003970e-09
2.350258770226273405e-09
2.348309908932900141e-09
2.346363633692957348e-09
2.344419944505922248e-09
2.342478841371269996e-09
2.340539766823981178e-09
2.338604393257016303e-09
2.336670491732917191e-09
2.334740289346003704e-09
2.332811560840534464e-09
2.330885974467538010e-09
2.328962974142639193e-09
2.327042005613704734e-09
2.325124729734400276e-09
2.323208920907020531e-09
2.321296229112510264e-09
2.319386089151489238e-09
2.317478489619684521e-09
2.315573419112847585e-09
2.313670866226748512e-09
2.311770819557180960e-09
2.309873267699959264e-09
2.307978199250921337e-09
2.306085602805924529e-09
2.304195466960848937e-09
2.302307231947755105e-09
2.300422533671473515e-09
2.298539726723328361e-09
