5.272387384684688327e-08
6.402591287445792074e-08
7.372804795548430150e-08
8.214587334720085886e-08
8.948417642003687449e-08
9.593889086392631233e-08
1.016501267889027114e-07
1.067338759741038022e-07
1.112605508869334550e-07
1.153281688686055523e-07
1.189420070102352876e-07
1.222098970971223370e-07
1.251206113442010935e-07
1.277511481935000424e-07
1.301146051006204407e-07
1.322122125833415796e-07
1.341061463758089279e-07
1.358010872866821234e-07
1.373005572448945371e-07
1.386306126456694337e-07
1.398144460633623926e-07
1.408581649605877615e-07
1.417677567393972323e-07
1.425609021646872035e-07
1.432325831975440104e-07
1.438099345187820715e-07
1.442933812592257641e-07
1.446857166301031820e-07
1.450005434167477530e-07
1.452255888163290821e-07
1.453890868025053252e-07
1.454880384480668148e-07
1.455269027135865777e-07
1.455098722666289744e-07
1.454371634762263972e-07
1.453116792121670871e-07
1.451421657140704863e-07
1.449321826528130459e-07
1.446833660468959032e-07
1.443975055541687627e-07
1.440768034520991508e-07
1.437234026296582186e-07
1.433385544368739788e-07
1.429238566877296844e-07
1.424833863379571628e-07
1.420208794068392248e-07
1.415369568617988802e-07
1.410318419021231702e-07
1.405070381609457438e-07
1.399641804363908844e-07
1.394035554479471232e-07
1.388257117438439383e-07
1.382336696820281590e-07
1.376302218289762991e-07
1.370157443455103891e-07
1.363900512188612090e-07
1.357535956846855030e-07
1.351070912278179874e-07
1.344517497187071195e-07
1.337888221416621814e-07
1.331189598682265314e-07
1.324426722394121071e-07
1.317604685784233019e-07
1.310729341540102277e-07
1.303805993548532921e-07
1.296839759753894882e-07
1.289837328827523459e-07
1.282804629695855018e-07
1.275746999216730894e-07
1.268670251654667796e-07
1.261577644283217194e-07
1.254471873751088732e-07
1.247355641690905066e-07
1.240231799201193033e-07
1.233102953228523470e-07
1.225972589894068297e-07
1.218843237241531250e-07
1.211718143849138288e-07
1.204600979483590411e-07
1.197494291449351626e-07
1.190401640304609048e-07
1.183324196954542457e-07
1.176264273626956412e-07
1.169223357048311012e-07
1.162203215073108664e-07
1.155205888988549328e-07
1.148233014273199049e-07
1.141285419905125514e-07
1.134364074611871835e-07
1.127470347008690093e-07
1.120605340437850293e-07
1.113769510855990184e-07
1.106964236368319407e-07
1.100190891421898253e-07
1.093450208521190861e-07
1.086743439504403418e-07
1.080071583424986586e-07
1.073435770360155356e-07
1.066837257671980002e-07
1.060276663979519945e-07
1.053754911213686742e-07
1.047271912880614396e-07
1.040828203221970148e-07
1.034423950924736947e-07
1.028059451121714084e-07
1.021735241289619898e-07
1.015451262194407140e-07
1.009208057014144062e-07
1.003006166409373533e-07
9.968456616981490852e-08
9.907268550106489294e-08
9.846501769090849357e-08
9.786157636628796666e-08
9.726242937996449665e-08
9.666752346648750649e-08
9.607682929779473070e-08
9.549039675400506294e-08
9.490818568430796676e-08
9.433024553307625489e-08
9.375651479625236351e-08
9.318704288259764327e-08
9.262179129170802568e-08
9.206079820260330760e-08
9.150403665402899421e-08
9.095150184039542089e-08
9.040322892795490044e-08
8.985915696733455613e-08
8.931931790805606522e-08
8.878368021761249182e-08
8.825222326701611528e-08
8.772495761982615552e-08
8.720183195717844950e-08
8.668284687089657183e-08
8.616799263207126343e-08
8.565726961527342404e-08
8.515064798952630484e-08
8.464812826973136123e-08
8.414967122394391101e-08
8.365529372888019679e-08
8.316494871765954418e-08
8.267862488971258957e-08
8.219623323798464180e-08
8.171781103005600482e-08
8.124326984302841836e-08
8.077261759338994208e-08
8.030578581294251036e-08
7.984276327874511902e-08
7.938352903812290493e-08
7.892803411103775552e-08
7.847624844099090267e-08
7.802812364519759401e-08
7.758364982446473280e-08
7.714281370595347015e-08
7.670557628473193437e-08
7.627191694488475693e-08
7.584179724441538356e-08
7.541523242978357627e-08
7.499217518595692533e-08
7.457260515338797743e-08
7.415651945993915086e-08
7.374386277409910002e-08
7.333464964104320185e-08
7.292882516122125139e-08
7.252638646378461286e-08
7.212729478315844649e-08
7.173156465110769184e-08
7.133911570424667900e-08
7.094993556749964628e-08
7.056399489806304323e-08
7.018128091486192440e-08
6.980172293080195406e-08
6.942533297486992698e-08
6.905204898257606336e-08
6.868186626872442801e-08
6.831472328904796929e-08
6.795062327835925266e-08
6.758952100877562652e-08
6.723137210719252349e-08
6.687618184718266452e-08
6.652390829713904319e-08
6.617450987328678734e-08
6.582797638187166652e-08
6.548428960021431813e-08
6.514339275208759048e-08
6.480529849837046856e-08
6.446994269039783683e-08
6.413733006201950738e-08
6.380741958300354768e-08
6.348017054716318468e-08
6.315560217017729552e-08
6.283362202366277591e-08
6.251425881686083561e-08
6.219747462119193726e-08
6.188323912071998837e-08
6.157153668971905150e-08
6.126234434015207335e-08
6.095563190356168104e-08
6.065137652483587374e-08
6.034955536013061079e-08
6.005014557676546784e-08
5.975313845936516128e-08
5.945848291589544562e-08
5.916617032220603567e-08
5.887619123937475536e-08
5.858849226407994464e-08
5.830307505897390475e-08
5.801987225992918412e-08
5.773891275215561238e-08
5.746011582192712226e-08
5.718349634481120039e-08
5.690900794545592165e-08
5.663663808765408945e-08
5.636634070587462119e-08
5.609810325113056511e-08
5.583189314899405055e-08
5.556767139517927360e-08
5.530545365279325767e-08
5.504519843671448886e-08
5.478688632443253433e-08
5.453051090386961542e-08
5.427607206080069883e-08
5.402353115400317017e-08
5.377288814087678455e-08
5.352414274901239769e-08
5.327725670865207295e-08
5.303222981742938882e-08
5.278903669583311459e-08
5.254770187496619043e-08
5.230818121614540664e-08
5.207045452530357738e-08
5.183452739925880531e-08
5.160036106937083181e-08
5.136791710304499627e-08
5.113722388690261423e-08
5.090823072087024404e-08
5.068091141302340011e-08
5.045525777599678393e-08
5.023125547799354337e-08
5.000886052834729914e-08
4.978807056180588305e-08
4.956886532569250489e-08
4.935123040836300476e-08
4.913512331456297544e-08
4.892055247463463530e-08
4.870749242405846750e-08
4.849592363757615014e-08
4.828584382235787096e-08
4.807723343601132709e-08
4.787009002176568294e-08
4.766437711124701791e-08
4.746009230381529856e-08
4.725723301000281298e-08
4.705576306132439313e-08
4.685567992325543021e-08
4.665696983878297096e-08
4.645963023817906879e-08
4.626362630603366868e-08
4.606896738807118205e-08
4.587561905233166182e-08
4.568359046826473022e-08
4.549284739219161697e-08
4.530338810011773598e-08
4.511521069260449246e-08
4.492828120364730468e-08
4.474260307824850153e-08
4.455815314180776141e-08
4.437491364660422680e-08
4.419289307898469707e-08
4.401205807217621602e-08
4.383241769517933779e-08
4.365393950491993189e-08
4.347662741174193119e-08
4.330045945696632883e-08
4.312542916146568052e-08
4.295151471637522695e-08
4.277871473014861789e-08
4.260702260811531304e-08
4.243641660984357576e-08
4.226689016628398453e-08
4.209843164806329254e-08
4.193101950184875991e-08
4.176464795811906875e-08
4.159931926856702258e-08
4.143501180033145515e-08
4.127173346836958614e-08
4.110946762591751863e-08
4.094821232382796024e-08
4.078795105239421089e-08
4.062869150431031771e-08
4.047040760917252837e-08
4.031310700610994256e-08
4.015679711343244042e-08
4.000144250560312866e-08
3.984703178769748133e-08
3.969359930522482109e-08
3.954108446897122964e-08
3.938949604079754256e-08
3.923882384120974596e-08
3.908904373616981151e-08
3.894014095773304127e-08
3.879210073986495538e-08
3.864490374185024723e-08
3.849854893114374344e-08
3.835300327541508918e-08
3.820827021927456941e-08
3.806432588757890925e-08
3.792116001700585792e-08
3.777874710501716884e-08
3.763710395381611240e-08
3.749622317615336768e-08
3.735609751828924469e-08
3.721675512516120107e-08
3.707816226059963381e-08
3.694034697184379104e-08
3.680330203958432361e-08
3.666702471805129084e-08
3.653152963629355664e-08
3.639680105038802898e-08
3.626285783828348331e-08
3.612968438387977708e-08
3.599730597671143091e-08
3.586567157758942021e-08
3.573481345026263609e-08
3.560470418543646147e-08
3.547533343384958270e-08
3.534668247153098293e-08
3.521875773394369039e-08
3.509153215348846194e-08
3.496501204751234741e-08
3.483917459907278800e-08
3.471401362415111961e-08
3.458951878202731694e-08
3.446567156491769553e-08
3.434247922499272417e-08
3.421992935191201923e-08
3.409801895839857379e-08
3.397673700486368897e-08
3.385608861520868899e-08
3.373608279796989204e-08
3.361669652119476949e-08
3.349793482513207534e-08
3.337978681399722275e-08
3.326226535684514593e-08
3.314535167443178567e-08
3.302905852617594315e-08
3.291337114547171554e-08
3.279828219414632163e-08
3.268380946247071688e-08
3.256991585964857244e-08
3.245661858559473392e-08
3.234390001529302389e-08
3.223175796670445435e-08
3.212018639803330757e-08
3.200917547388151439e-08
3.189872297446011799e-08
3.178881532333983734e-08
3.167946158095341553e-08
3.157064066118474320e-08
3.146235779287927095e-08
3.135460336834350132e-08
3.124737227456614140e-08
3.114065589194159511e-08
3.103444565166433945e-08
3.092875870325262576e-08
3.082355708128910311e-08
3.071886154090427899e-08
3.061465982351810198e-08
3.051094338738008212e-08
3.040770374011676737e-08
3.030495759081518378e-08
3.020267480361901917e-08
3.010085413430359772e-08
2.999950589726851425e-08
2.989861914073800784e-08
2.979819812515103714e-08
2.969824354209216958e-08
2.959875257358033077e-08
2.949972244869562666e-08
2.940116787562387271e-08
2.930307905229505294e-08
2.920546016955648800e-08
2.910830501652438156e-08
2.901162467651843994e-08
2.891541295037811051e-08
2.881967398355439670e-08
2.872440081330403717e-08
2.862960696106994494e-08
2.853527103945978501e-08
2.844138875018657593e-08
2.834796588123241094e-08
2.825499133299928140e-08
2.816245743440108961e-08
2.807037986339145726e-08
2.797872426046656863e-08
2.788750957942268499e-08
2.779672479974674275e-08
2.770636227378154906e-08
2.761641767258759158e-08
2.752688360714334801e-08
2.743776982293141857e-08
2.734906339369073872e-08
2.726076122039257797e-08
2.717286342744159836e-08
2.708536045921092802e-08
2.699825885609156176e-08
2.691155545817962622e-08
2.682523119527874877e-08
2.673930209347992163e-08
2.665375547815862163e-08
2.656858825203789822e-08
2.648379417614230261e-08
2.639938268938716181e-08
2.631534113209068587e-08
2.623167250290258279e-08
2.614835180208531894e-08
2.606540687573291417e-08
2.598281893889823974e-08
2.590058476699407887e-08
2.581870113557956944e-08
2.573717398111925840e-08
2.565598172915171491e-08
2.557513641420964888e-08
2.549462870550357019e-08
2.541445839499269095e-08
2.533462296169856688e-08
2.525511381786181062e-08
2.517594412954758330e-08
2.509711500151104385e-08
2.501861269579158415e-08
2.494045621294055593e-08
2.486263778023593147e-08
2.478515855863501121e-08
2.470801970904503135e-08
2.463122531514061270e-08
2.455477651060520363e-08
2.447867152454029797e-08
2.440291151789758130e-08
2.432749698120024568e-08
2.425242860147863367e-08
2.417770349095559358e-08
2.410331018106801006e-08
2.402925727007214612e-08
2.395554184474381971e-08
2.388215248977813776e-08
2.380908637089569256e-08
2.373634910462843158e-08
2.366393216255429888e-08
2.359183268480895547e-08
2.352005618580854486e-08
2.344858303221807587e-08
2.337742444362536103e-08
2.330657263024313033e-08
2.323602551558382824e-08
2.316578102324036404e-08
2.309583433568333973e-08
2.302619433323840458e-08
2.295685069151806229e-08
2.288780676782434590e-08
2.281904960373264919e-08
2.275058527339403159e-08
2.268240629239435852e-08
2.261451866213098147e-08
2.254691490661519266e-08
2.247958756307887378e-08
2.241255031118419740e-08
2.234578741269792264e-08
2.227929651054469404e-08
2.221308315779140708e-08
2.214713966902332311e-08
2.208146366381883702e-08
2.201605276184194033e-08
2.195090718856493215e-08
2.188601934469862951e-08
2.182139464438576129e-08
2.175702549636909473e-08
2.169290952092008296e-08
2.162904508627197238e-08
2.156543867240215855e-08
2.150207957890769357e-08
2.143898016123783466e-08
2.137614504212896260e-08
2.131357122393633758e-08
2.125126081414490752e-08
2.118921592016735785e-08
2.112744366585417491e-08
2.106593861186588781e-08
2.100470288733718640e-08
2.094374608066602855e-08
2.088306529715136046e-08
2.082266651003511876e-08
2.076253653213503525e-08
2.070267595969753324e-08
2.064308288137697802e-08
2.058374802620445311e-08
2.052467436397078747e-08
2.046585263120036473e-08
2.040727846638733694e-08
2.034895234034761914e-08
2.029086503216363714e-08
2.023300497383110390e-08
2.017538223921186141e-08
2.011798046253968398e-08
2.006080576900540455e-08
2.000384884257296758e-08
1.994712981430434986e-08
1.989062608802516518e-08
1.983434830724412121e-08
1.977829996303769555e-08
1.972247749427650691e-08
1.966688906925588641e-08
1.961152647600601511e-08
1.955640482973037987e-08
1.950151130034500008e-08
1.944685168789939261e-08
1.939242713486607445e-08
1.933824023350472372e-08
1.928428787417928251e-08
1.923056381728518814e-08
1.917705957152352596e-08
1.912378486424583500e-08
1.907071756567379971e-08
1.901787188245423113e-08
1.896523029005401378e-08
1.891279562784733282e-08
1.886055946164318781e-08
1.880852457514644582e-08
1.875668254072191975e-08
1.870502942288009750e-08
1.865356260251140539e-08
1.860228472561480556e-08
1.855120416073361131e-08
1.850031604512998330e-08
1.844963095037781020e-08
1.839914845002499411e-08
1.834887906138694487e-08
1.829882236391601288e-08
1.824898231926179009e-08
1.819936288896458138e-08
1.814996803445541775e-08
1.810080171705604641e-08
1.805187218604285322e-08
1.800317055958668225e-08
1.795470306074669059e-08
1.790645026327887307e-08
1.785841194547346085e-08
1.781057510221635603e-08
1.776293099366638672e-08
1.771547088021479898e-08
1.766819021963371172e-08
1.762107186731700958e-08
1.757411129270429990e-08
1.752730183899567864e-08
1.748063059845020850e-08
1.743409506195263792e-08
1.738768519712951999e-08
1.734140249287762800e-08
1.729526778603011690e-08
1.724927719495393703e-08
1.720344331663089564e-08
1.715777870430527767e-08
1.711228367165702432e-08
1.706696875498718014e-08
1.702185053468796008e-08
1.697693138897667192e-08
1.693221577124147945e-08
1.688772021339321438e-08
1.684345315949040401e-08
1.679940861548506422e-08
1.675559473950692307e-08
1.671200518912093980e-08
1.666862570185601135e-08
1.662545394760890863e-08
1.658248558548337578e-08
1.653971035991935207e-08
1.649712785502488133e-08
1.645472782075137748e-08
1.641250394703364032e-08
1.637044992395632827e-08
1.632855944175393857e-08
1.628682619081082382e-08
1.624524503333851492e-08
1.620381551835202408e-08
1.616253836654043401e-08
1.612141812911443335e-08
1.608044976635244683e-08
1.603963401351499548e-08
1.599897730800462107e-08
1.595847654970866226e-08
1.591812867697851832e-08
1.587794198471494604e-08
1.583791716500046563e-08
1.579804740237283919e-08
1.575833719028244711e-08
1.571878694350221910e-08
1.567939585343395654e-08
1.564016652210467627e-08
1.560108853937546670e-08
1.556217192637411536e-08
1.552340999420010181e-08
1.548479794903630511e-08
1.544634204503542954e-08
1.540803747927499482e-08
1.536988313762017636e-08
1.533187790596048188e-08
1.529402067020969853e-08
1.525631031630592926e-08
1.521874944083735926e-08
1.518133015835911730e-08
1.514405554489685495e-08
1.510692684606084174e-08
1.506993991807089304e-08
1.503309958346864160e-08
1.499640170298417458e-08
1.495984572737062072e-08
1.492343110739255694e-08
1.488715729382600009e-08
1.485102020812962198e-08
1.481502636829536566e-08
1.477917519952708839e-08
1.474345909621693166e-08
1.470788091309959300e-08
1.467243996075207683e-08
1.463713902837336731e-08
1.460197219614794899e-08
1.456693878725382276e-08
1.453203985162903725e-08
1.449727814536184531e-08
1.446264951725015120e-08
1.442815327806546256e-08
1.439378873859301991e-08
1.435955520963175693e-08
1.432545200199435335e-08
1.429147844237744119e-08
1.425763392097173187e-08
1.422391784385017019e-08
1.419033298973889096e-08
1.415687201151577146e-08
1.412354105269608575e-08
1.409033112346304137e-08
1.405724834750049875e-08
1.402429378581288443e-08
1.399146349572066534e-08
1.395875688347909027e-08
1.392617335535465106e-08
1.389370901533805119e-08
1.386136988323324549e-08
1.382915206170413975e-08
1.379705496468254641e-08
1.376508127788736345e-08
1.373322386416413028e-08
1.370148541683873601e-08
1.366986534988730185e-08
1.363836307729705470e-08
1.360697801306634376e-08
1.357571118463306957e-08
1.354456199493365857e-08
1.351352502883966552e-08
1.348260613202115168e-08
1.345180150619076681e-08
1.342110741053679475e-08
1.339053287203091146e-08
1.336006460086076342e-08
1.332971160225599943e-08
1.329947014974317596e-08
1.326934285396521154e-08
1.323931970886142010e-08
1.320940963345100123e-08
1.317960893004955653e-08
1.314992018100836790e-08
1.312033970295703846e-08
1.309086384065882140e-08
1.306149518105515786e-08
1.303223475245753049e-08
1.300308202840888323e-08
1.297403185635790901e-08
1.294508989542105733e-08
1.291624946819738180e-08
1.288751620635413574e-08
1.285888651667699984e-08
1.283035988321284624e-08
1.280193579001735819e-08
1.277361372115501517e-08
1.274539316069910946e-08
1.271727359273175605e-08
1.268925450831131432e-08
1.266133542637453246e-08
1.263351587283376116e-08
1.260579537360945088e-08
1.257817644482772503e-08
1.255065560916673987e-08
1.252322941548083344e-08
1.249589889458237468e-08
1.246866951055260567e-08
1.244153632368914837e-08
1.241449590867704400e-08
1.238755370068216906e-08
1.236070626798917040e-08
1.233395020450927797e-08
1.230729383351561966e-08
1.228072496527588526e-08
1.225425481752687546e-08
1.222787125098365658e-08
1.220158253230490679e-08
1.217538527481404299e-08
1.214928189360389936e-08
1.212326613232326949e-08
1.209734041227508240e-08
1.207150426014889612e-08
1.204576006650184748e-08
1.202010162423017194e-08
1.199453419113461531e-08
1.196905163155737323e-08
1.194365496667264016e-08
1.191834945596275226e-08
1.189313041423618323e-08
1.186799742479245249e-08
1.184294725520715436e-08
1.181798512617711373e-08
1.179310499544432478e-08
1.176831206002164312e-08
1.174360309343437633e-08
1.171897767902018347e-08
1.169443540012304661e-08
1.166997584472350357e-08
1.164559861932914623e-08
1.162130333508373513e-08
1.159708960313692861e-08
1.157295978629855144e-08
1.154890798671329743e-08
1.152493657293011272e-08
1.150104789070881149e-08
1.147723607640389378e-08
1.145350620475987612e-08
1.142985243474815491e-08
1.140627846254751590e-08
1.138278118447838080e-08
1.135936157114870997e-08
1.133602193196720385e-08
1.131275648512531588e-08
1.128957023053200816e-08
1.126646008738515736e-08
1.124342567030695914e-08
1.122046659392510160e-08
1.119757981031370359e-08
1.117477026464369868e-08
1.115203755531672069e-08
1.112937334173756814e-08
1.110678519380636851e-08
1.108427007443551028e-08
1.106183023779361470e-08
1.103946007840091118e-08
1.101716190159416297e-08
1.099493537705154922e-08
1.097278017445596071e-08
1.095069856745157097e-08
1.092868501259217242e-08
1.090674178877334102e-08
1.088487115402732632e-08
1.086306759622369826e-08
1.084133466759408455e-08
1.081966945728669684e-08
1.079807549432647676e-08
1.077654987082225601e-08
1.075508970068524452e-08
1.073369977580888358e-08
1.071237720535037761e-08
1.069111911875128897e-08
1.066993027749853489e-08
1.064880780599641577e-08
1.062775137603657875e-08
1.060676065941502689e-08
1.058583532793213573e-08
1.056497254100245306e-08
1.054417950760560905e-08
1.052344836238452412e-08
1.050277879932459589e-08
1.048217802013659167e-08
1.046163824818640582e-08
1.044116169734457744e-08
1.042075056201042446e-08
1.040039959730494513e-08
1.038011100248121092e-08
1.035988695749988050e-08
1.033971978752409502e-08
1.031961905406318653e-08
1.029957954603182143e-08
1.027959853511001806e-08
1.025967941167210667e-08
1.023981944962711250e-08
1.022002201754108314e-08
1.020028439119672042e-08
1.018060386515452678e-08
1.016098500204258949e-08
1.014142509175618514e-08
1.012192144279926060e-08
1.010247858990300539e-08
1.008309383694812490e-08
1.006376689965157842e-08
1.004449749373383744e-08
1.002528295066168540e-08
1.000612775922522832e-08
9.987029255084185154e-09
9.967987197710856612e-09
9.949001355328038955e-09
9.930073857811488184e-09
9.911199745608023514e-09
9.892381153093804456e-09
9.873617848503012583e-09
9.854909600072688203e-09
9.836256176042741945e-09
9.817659679613551155e-09
9.799115204712235457e-09
9.780624858961011747e-09
9.762190732397453054e-09
9.743807942524964276e-09
9.725480882767230990e-09
9.707204674026698740e-09
9.688981385108147291e-09
9.670811917442022017e-09
9.652693720178816716e-09
9.634629988408517332e-09
9.616618173475808534e-09
9.598655743862545583e-09
9.580747021167259366e-09
9.562887195152464963e-09
9.545080570410778038e-09
9.527324619688426335e-09
9.509619102381176507e-09
9.491963809671400622e-09
9.474358540689789693e-09
9.456800845302170109e-09
9.439295025335422908e-09
9.421838626490923758e-09
9.404431447908570195e-09
9.387073288730544427e-09
9.369763948101316643e-09
9.352503225167651632e-09
9.335290919078597201e-09
9.318126828985487485e-09
9.301010754041951218e-09
9.283944703305836774e-09
9.266924063887880378e-09
9.249950857331298620e-09
9.233024892911623331e-09
9.216148172021871968e-09
9.199316115713945165e-09
9.182530729393642569e-09
9.165794002501564239e-09
9.149101380046961649e-09
9.132454855449979275e-09
9.115856406297695839e-09
9.099301501358524487e-09
9.082792122166260868e-09
9.066329157539110836e-09
9.049912417197584726e-09
9.033538489031067417e-09
9.017211491269439703e-09
9.000929088139387635e-09
8.984688959360339412e-09
8.968495199931891931e-09
8.952343356258761971e-09
8.936237507959063380e-09
8.920175338606315259e-09
8.904156665073566054e-09
8.888181304235773345e-09
8.872246962532214867e-09
8.856355578668407511e-09
8.840511194498786613e-09
8.824707329961102780e-09
8.808945931648946636e-09
8.793226839494032052e-09
8.777547805484919531e-09
8.761914933391157440e-09
8.746321799314986299e-09
8.730770331139644422e-09
8.715260368805206825e-09
8.699791752253422735e-09
8.684364321427707323e-09
8.668977916273154935e-09
8.653632378142838782e-09
8.638329608892636779e-09
8.623065343532819746e-09
8.607841488964021778e-09
8.592659937604866816e-09
8.577514405764944127e-09
8.562412910764478610e-09
8.547351212972259779e-09
8.532325101421029428e-09
8.517342550441938057e-09
8.502397319346172846e-09
8.487493305278676486e-09
8.472626315018526939e-09
8.457799228287127715e-09
8.443009893404334511e-09
8.428261187907534285e-09
8.413548963154075332e-09
8.398877090426570752e-09
8.384243429583436980e-09
8.369647845460782778e-09
8.355090202896003997e-09
8.340568382583108136e-09
8.326086221091860474e-09
8.311639618396799085e-09
8.297232397308471165e-09
8.282862441966544759e-09
8.268529617458756967e-09
8.254231826209462654e-09
8.239972865179194488e-09
8.225750633641242198e-09
8.211563044402632436e-09
8.197413874129160505e-09
8.183301032260375969e-09
8.169224385105847721e-09
8.155183798976415204e-09
8.141179140184191718e-09
8.127212208501658502e-09
8.113279000015144870e-09
8.099381317818222513e-09
8.085519033168532328e-09
8.071692037086815320e-09
8.057900225535308411e-09
8.044143494477237832e-09
8.030423650341337725e-09
8.016736764912143628e-09
8.003084647880242425e-09
7.989467195212781183e-09
7.975884302877897931e-09
7.962337761133470269e-09
7.948821783083369012e-09
7.935345723316350982e-09
7.921900025624236523e-09
7.908488366104815834e-09
7.895110630574346819e-09
7.881766702818620367e-09
7.868458338609080484e-09
7.855181674610437094e-09
7.841940335442569188e-09
7.828730470389152845e-09
7.815554761779428939e-09
7.802411232429178869e-09
7.789302550582661848e-09
7.776224890571601989e-09
7.763181839456152729e-09
7.750171427878388733e-09
7.737191701706680358e-09
7.724244405932086422e-09
7.711331276071306094e-09
7.698450372215807396e-09
7.685601595254639056e-09
7.672783020584358704e-09
7.659998203120192957e-09
7.647245215215007319e-09
7.634523957761250230e-09
7.621832518264988242e-09
7.609174427402592683e-09
7.596547769666611872e-09
7.583954250339320827e-09
7.571388358052147633e-09
7.558855411331532606e-09
7.546353512053024462e-09
7.533880773990331228e-09
7.521442480874168521e-09
7.509031374917304370e-09
7.496654514627274598e-09
7.484304665807748788e-09
7.471988863436843887e-09
7.459701671655219829e-09
7.447443005490194806e-09
7.435216318016242261e-09
7.423021506787509861e-09
7.410854943224178375e-09
7.398718304310638496e-09
7.386613255815871520e-09
7.374534433529902125e-09
7.362487018213160257e-09
7.350470909553942723e-09
7.338482515167091942e-09
7.326525238309525954e-09
7.314593757610593538e-09
7.302694948553100288e-09
7.290825233005180034e-09
7.278982787349587425e-09
7.267169257422051764e-09
7.255386280173214597e-09
7.243630320252137385e-09
7.231903029193459892e-09
7.220206047372208299e-09
7.208534143357749404e-09
7.196894105841740580e-09
7.185282421366681718e-09
7.173697305479155579e-09
7.162142097171511823e-09
7.150612457117690169e-09
7.139113416106901438e-09
7.127640644402653057e-09
7.116197459083617627e-09
7.104782083790242593e-09
7.093392752515613091e-09
7.082032765272960926e-09
7.070698670798997396e-09
7.059393758308935282e-09
7.048116264369824099e-09
7.036864436283216497e-09
7.025641547165329202e-09
7.014444172590957764e-09
7.003275575008589930e-09
6.992134004389435120e-09
6.981017721309873720e-09
6.969929972313410980e-09
6.958869015547643854e-09
6.947834773758852153e-09
6.936825519297390121e-09
6.925846126946344845e-09
6.914891567841177774e-09
6.903961772752536170e-09
6.893061593033756889e-09
6.882186023253559683e-09
6.871334994128054968e-09
6.860511701278703813e-09
6.849714430046762590e-09
6.838943103395908235e-09
6.828197644290409945e-09
6.817476354068351761e-09
6.806784025508679248e-09
6.796115718547026089e-09
6.785472982093271300e-09
6.774855742814426570e-09
6.764263927378057797e-09
6.753695855367319680e-09
6.743156274705816688e-09
6.732640290807869539e-09
6.722149437428250376e-09
6.711685238336993811e-09
6.701242828905969995e-09
6.690826927105694123e-09
6.680437455254731589e-09
6.670071173581305289e-09
6.659729619339820618e-09
6.649412737642383777e-09
6.639120473601518690e-09
6.628854349743214246e-09
6.618611153920236928e-09
6.608392411099707207e-09
6.598199636522800580e-09
6.588029632633016653e-09
6.577883917095235466e-09
6.567762435024867804e-09
6.557666692030917517e-09
6.547595064504397064e-09
6.537545924649100859e-09
6.527520757412195945e-09
6.517521038199253997e-09
6.507543587192081349e-09
6.497591428388320113e-09
6.487661391456292516e-09
6.477756490931847551e-09
6.467872796349516695e-09
6.458014853150419530e-09
6.448178739091325688e-09
6.438367449918978468e-09
6.428577843492019510e-09
6.418812909048485066e-09
6.409071053024379942e-09
6.399350693949232599e-09
6.389654821247429021e-09
6.379980332879987034e-09
6.370330209052861829e-09
6.360702870601981447e-09
6.351098258922068500e-09
6.341514806292515776e-09
6.331953967769280770e-09
6.322418693884901648e-09
6.312902903190881970e-09
6.303411050813006640e-09
6.293940075053232696e-09
6.284492911612431456e-09
6.275067997561685078e-09
6.265665270030868061e-09
6.256284666150270151e-09
6.246926123050603779e-09
6.237588093450864067e-09
6.228273485521068525e-09
6.218980749761643559e-09
6.209709823304989052e-09
6.200460643283920129e-09
6.191231673438751651e-09
6.182027271081892313e-09
6.172841485363234295e-09
6.163680139953507240e-09
6.154537307548808182e-09
6.145417333109182455e-09
6.136318694222360309e-09
6.127242793501080664e-09
6.118185200832582995e-09
6.109150235193276183e-09
6.100136382834075454e-09
6.091143588187728534e-09
6.082171795687356206e-09
6.073222395106404235e-09
6.064290994858853975e-09
6.055383315814553507e-09
6.046494969338740533e-09
6.037627338982121691e-09
6.028780365078643175e-09
6.019953987962642436e-09
6.011148147968855627e-09
6.002362785432416772e-09
5.993599267100697954e-09
5.984854678407197380e-09
5.976130388183649101e-09
5.967426336766760439e-09
5.958743882619385239e-09
5.950078711701774013e-09
5.941436433922974912e-09
5.932812747334862072e-09
5.924209015436979680e-09
5.915626593538631595e-09
5.907062611286769931e-09
5.898518426031923873e-09
5.889993985208808629e-09
5.881490636013001112e-09
5.873005524341806998e-09
5.864541395144248104e-09
5.856095402386621470e-09
5.847670282968874404e-09
5.839263198889106098e-09
5.830875490454032407e-09
5.822507100832962081e-09
5.814159356095461994e-09
5.805830810844060565e-09
5.797520027611556082e-09
5.789228332468640384e-09
5.780957043592847729e-09
5.772703349620096173e-09
5.764469256665414984e-09
5.756253334130645086e-09
5.748057579322380337e-09
5.739880562633141138e-09
5.731720862241441745e-09
5.723579790217723754e-09
5.715458657729337785e-09
5.707356053225750040e-09
5.699270572871504725e-09
5.691204884068680346e-09
5.683156228451491429e-09
5.675127265751703010e-09
5.667116594052679261e-09
5.659124165960188815e-09
5.651148589081397728e-09
5.643192507912017095e-09
5.635253186943941003e-09
5.627333263106783561e-09
5.619431345274106144e-09
5.611547382921448105e-09
5.603679991185074352e-09
5.595831788207136079e-09
5.588000057268849791e-09
5.580188737176687101e-09
5.572392460550714751e-09
5.564615160625283309e-09
5.556855458123817700e-09
5.549113301897840492e-09
5.541387321896351759e-09
5.533680106609593192e-09
5.525990284150502664e-09
5.518317802746771250e-09
5.510661296528801984e-09
5.503023335610944801e-09
5.495402551679085501e-09
5.487798889837100664e-09
5.480212295189181198e-09
5.472642712839824894e-09
5.465090087893849664e-09
5.457554365456383610e-09
5.450035490632868338e-09
5.442533408529059782e-09
5.435048064251024896e-09
5.427579402905144961e-09
5.420126081982430867e-09
5.412690640780397146e-09
5.405271747298203983e-09
5.397869361378671994e-09
5.390484725888363066e-09
5.383115232871299382e-09
5.375762126950622899e-09
5.368425367970060822e-09
5.361104915773569487e-09
5.353800730205331048e-09
5.346512771109758446e-09
5.339240998331492920e-09
5.331985371715407322e-09
5.324745849084496104e-09
5.317522380173600716e-09
5.310314912695742110e-09
5.303123394364249776e-09
5.295949033438323991e-09
5.288789254838353175e-09
5.281645268530268463e-09
5.274517022228574767e-09
5.267404463648076443e-09
5.260307540503876456e-09
5.253227450898746292e-09
5.246161640093602799e-09
5.239111307875536688e-09
5.232076403289283375e-09
5.225058124382920336e-09
5.218053937800126357e-09
5.211065044586969312e-09
5.204091400431492974e-09
5.197134198071441551e-09
5.190190917445558535e-09
5.183262752946595387e-09
5.176349660263599251e-09
5.169452825553183488e-09
5.162569741933662863e-09
5.155701597202307235e-09
5.148849572617318579e-09
5.142011170922831385e-09
5.135187574087685110e-09
5.128379957400196826e-09
5.121585832431208028e-09
5.114807593561837916e-09
5.108042758825242606e-09
5.101292501895300161e-09
5.094557990019091508e-09
5.087836750871083924e-09
5.081131162765864087e-09
5.074438759770902778e-09
5.067761913822461490e-09
5.061098165353600916e-09
5.054449881460405505e-09
5.047814616468325149e-09
5.041194738703629787e-09
5.034587211114837491e-09
5.027995594912918488e-09
5.021416858545130221e-09
5.014853357770811924e-09
5.008302667279003713e-09
5.001767136585753565e-09
4.995244346610833770e-09
4.988736640653608140e-09
4.982241605838046010e-09
4.975761579273280263e-09
4.969294152230804359e-09
4.962841645504421752e-09
4.956402826171412277e-09
4.949976467440896015e-09
4.943564878879722891e-09
4.937166832169456896e-09
4.930781105084657869e-09
4.924409998053777977e-09
4.918051116647809224e-09
4.911706755235009776e-09
4.905375693106053173e-09
4.899056715580788513e-09
4.892752107984813260e-09
4.886460656521967887e-09
4.880181162931582884e-09
4.873915917869227079e-09
4.867663723967477663e-09
4.861424547032201024e-09
4.855197197130825902e-09
4.848983953024387342e-09
4.842783623299930447e-09
4.836596173763981697e-09
4.830421570223230526e-09
4.824258630103480236e-09
4.818109617436202065e-09
4.811973348182135063e-09
4.805849787527377237e-09
4.799738898173217394e-09
4.793639501100438744e-09
4.787553842035620991e-09
4.781480740509622153e-09
4.775420158603211575e-09
4.769372058397340580e-09
4.763336401973142472e-09
4.757312018951689905e-09
4.751301137764475773e-09
4.745302586600479899e-09
4.739316327541564332e-09
4.733342322669771448e-09
4.727380534376296585e-09
4.721430926288389417e-09
4.715493462342443482e-09
4.709568106475025199e-09
4.703654822622872213e-09
4.697753574722895051e-09
4.691864326712171329e-09
4.685987042527954026e-09
4.680120572005053980e-09
4.674267108678382908e-09
4.668425500988182210e-09
4.662595712872397214e-09
4.656777708269148614e-09
4.650971450912079706e-09
4.645176903716432045e-09
4.639394029392976408e-09
4.633623893696981725e-09
4.627864251881158321e-09
4.622116171073659196e-09
4.616379613985957403e-09
4.610654543329705496e-09
4.604940921816730561e-09
4.599238712159039186e-09
4.593547877068811663e-09
4.587868379258410267e-09
4.582200181440371805e-09
4.576543247742212379e-09
4.570897547950813525e-09
4.565263053268001332e-09
4.559640820344757419e-09
4.554028648150417350e-09
4.548427594673601475e-09
4.542837631116674377e-09
4.537258728682139605e-09
4.531690858572635537e-09
4.526135069471157798e-09
4.520589176301218533e-09
4.515054229067651293e-09
4.509530198973633779e-09
4.504017056336608618e-09
4.498515838842022384e-09
4.493024369249462725e-09
4.487543685667405477e-09
4.482073753984525255e-09
4.476614540089657147e-09
4.471167074278642130e-09
4.465729192333672503e-09
4.460301925846716744e-09
4.454886301241825748e-09
4.449480162053759297e-09
4.444084535995117984e-09
4.438699388955860209e-09
4.433325742566726220e-09
4.427961452299003060e-09
4.422607542732023805e-09
4.417265033347076723e-09
4.411931787597170184e-09
4.406608826234740755e-09
4.401297164943663393e-09
4.395994674780439461e-09
4.390702372692753470e-09
4.385421270588941027e-09
4.380149247085181562e-09
4.374887315346351801e-09
4.369636483526906074e-09
4.364394639213059710e-09
4.359163836844892241e-09
4.353941976264263437e-09
4.348730073101968901e-09
4.343529138025988566e-09
4.338337078322875543e-09
4.333155937479611346e-09
4.327983627722266386e-09
4.322821158484431375e-09
4.317669534283947936e-09
4.312526674720972511e-09
4.307394610993319852e-09
4.302271267593860994e-09
4.297158669799684304e-09
4.292054741789342110e-09
4.286961498786942850e-09
4.281876868789085357e-09
4.276802353084880636e-09
4.271736903288587033e-09
4.266682015258069159e-09
4.261635626646467058e-09
4.256599738194537324e-09
4.251572292356441624e-09
4.246555285081442396e-09
4.241546663606706107e-09
4.236548419107965748e-09
4.231559511285370331e-09
4.226578905716028301e-09
4.221608588136832734e-09
4.216646519352382224e-09
4.211694680370440144e-09
4.206751036716409216e-09
4.201817564686506491e-09
4.196893233680253607e-09
4.191977017787254840e-09
4.187070886269122751e-09
4.182172816376825660e-09
4.177284772703903934e-09
4.172405730507476000e-09
4.167534670879753628e-09
4.162673557385253749e-09
4.157821375898744602e-09
4.152978105641283764e-09
4.148142738259044042e-09
4.143317229271076847e-09
4.138500569173703627e-09
4.133691753050730774e-09
4.128892729540368158e-09
4.124102492582887990e-09
4.119320040680877975e-09
4.114547315629454001e-09
4.109783314793939621e-09
4.105027040157788721e-09
4.100280427114504389e-09
4.095542476920500039e-09
4.090813169282678607e-09
4.086091511093016822e-09
4.081379428809505912e-09
4.076675928201311779e-09
4.071980019517304462e-09
4.067294590839816518e-09
4.062615746270444106e-09
4.057946370547226911e-09
4.053285475034167083e-09
4.048632075534394397e-09
4.043988079706784676e-09
4.039352497435402286e-09
4.034725302653126740e-09
4.030105509795405881e-09
4.025495012887144999e-09
4.020892825265249762e-09
4.016298920863001693e-09
4.011713273613785712e-09
4.007135857451080210e-09
4.002566646308467803e-09
3.998005614119628716e-09
3.993451784039951111e-09
3.988907982338481910e-09
3.984370383188748589e-09
3.979841815580472857e-09
3.975321310907189371e-09
3.970808850259758604e-09
3.966304414729121267e-09
3.961807985406282590e-09
3.957319543382323076e-09
3.952839069748394368e-09
3.948366545595720897e-09
3.943901952015599890e-09
3.939445270099396400e-09
3.934996480938551582e-09
3.930554629808316181e-09
3.926121570647123502e-09
3.921696348472741990e-09
3.917278945335464024e-09
3.912869343285653116e-09
3.908467524373739785e-09
3.904073470650223200e-09
3.899687164165669537e-09
3.895308586970712798e-09
3.890937721116058122e-09
3.886574548652477653e-09
3.882219051630811359e-09
3.877871212101966214e-09
3.873531012116920328e-09
3.869198432763980666e-09
3.864873451280576894e-09
3.860556043941491521e-09
3.856246187021593910e-09
3.851943856795847725e-09
3.847649029539303480e-09
3.843362596601234653e-09
3.839082703090475369e-09
3.834809328336758194e-09
3.830544275709348328e-09
3.826287518439916006e-09
3.822037209768631324e-09
3.817794237996184511e-09
3.813557673954571396e-09
3.809330230573440589e-09
3.805109175418280059e-09
3.800895407990945383e-09
3.796689823780217128e-09
3.792490605363040583e-09
3.788298649228934309e-09
3.784113946895800534e-09
3.779935589896050775e-09
3.775766269704214079e-09
3.771603277881723850e-09
3.767447505932131845e-09
3.763298945373500766e-09
3.759158479912107433e-09
3.755023401667646132e-09
3.750897263237347660e-09
3.746777356837303452e-09
3.742664550919450729e-09
3.738559710018843704e-09
3.734461027269729691e-09
3.730369368184065687e-09
3.726284707155238369e-09
3.722207018576728712e-09
3.718137162125516590e-09
3.714073340661730187e-09
3.710016414830933620e-09
3.705966361859502112e-09
3.701923170303917148e-09
3.697887712019227978e-09
3.693858216503879195e-09
3.689835556573194850e-09
3.685819723616301692e-09
3.681811585663781893e-09
3.677809379869885595e-09
3.673813975218973091e-09
3.669826236890296930e-09
3.665844407745904943e-09
3.661869353913973080e-09
3.657901066783853498e-09
3.653939536463837537e-09
3.649985617007742435e-09
3.646037553039575249e-09
3.642097065466009694e-09
3.638162402668036032e-09
3.634234416479399386e-09
3.630313954992959853e-09
3.626399272201293939e-09
3.622491217130239166e-09
3.618589773483148393e-09
3.614695785637463098e-09
3.610807515023612344e-09
3.606926665771315320e-09
3.603050645338252930e-09
3.599182872042669313e-09
3.595320757262382921e-09
3.591465999137552307e-09
3.587616871546795878e-09
3.583774215643888330e-09
3.579938868922993552e-09
3.576109962246261270e-09
3.572286630123267238e-09
3.568470559724645839e-09
3.564660035880707288e-09
3.560855894265261019e-09
3.557058119967843373e-09
3.553267544421420866e-09
3.549483306275242604e-09
3.545703703807408351e-09
3.541932102650911036e-09
3.538166799286039949e-09
3.534406938938853849e-09
3.530653351765666065e-09
3.526906024560294928e-09
3.523166621912069534e-09
3.519431773246974183e-09
3.515703982056611005e-09
3.511981560005032180e-09
3.508265331895524497e-09
3.504556119479060497e-09
3.500852242163105440e-09
3.497155357724901307e-09
3.493464621414378712e-09
3.489777945565944325e-09
3.486099476858871732e-09
3.482427125435758594e-09
3.478760052683933190e-09
3.475099905859810008e-09
3.471445018886104304e-09
3.467796209811312482e-09
3.464154293208916655e-09
3.460518432206817987e-09
3.456888615172995907e-09
3.453264002800004469e-09
3.449645400682921302e-09
3.446033610970614241e-09
3.442426973315347358e-09
3.438827928388798873e-09
3.435233180756965838e-09
3.431644351399192645e-09
3.428062238188763454e-09
3.424486004756488697e-09
3.420914818139912643e-09
3.417350289934101252e-09
3.413790773452355305e-09
3.410237066993545454e-09
3.406689973975313412e-09
3.403148675885152502e-09
3.399613167085353287e-09
3.396082633276742048e-09
3.392558686983121629e-09
3.389040513065448746e-09
3.385528105886076832e-09
3.382020654491787255e-09
3.378518960226646197e-09
3.375023821099813399e-09
3.371534426158123998e-09
3.368050769764012075e-09
3.364572043286781984e-09
3.361099835097552402e-09
3.357632527079551182e-09
3.354170903780561250e-09
3.350716544318914787e-09
3.347266238967830758e-09
3.343821568490092120e-09
3.340384107087314158e-09
3.336951449466704859e-09
3.333523581466820052e-09
3.330102074842993415e-09
3.326686118391440903e-09
3.323274904162436693e-09
3.319870000798174318e-09
3.316470608376044128e-09
3.313076720890673516e-09
3.309687544231708129e-09
3.306304649408787837e-09
3.302926455008952488e-09
3.299554528821980204e-09
3.296188077542562719e-09
3.292826311072263882e-09
3.289470792390634914e-09
3.286120730599512762e-09
3.282776119693686948e-09
3.279436953667958573e-09
3.276102445120054846e-09
3.272774142648107369e-09
3.269451251640277753e-09
3.266133758391869455e-09
3.262821649198226051e-09
3.259514910354728755e-09
3.256211977394498529e-09
3.252916714303056823e-09
3.249625231251929715e-09
3.246339838327176818e-09
3.243060519479045794e-09
3.239784944248656711e-09
3.236515415686174704e-09
3.233251148220008787e-09
3.229991360924960174e-09
3.226737581460267368e-09
3.223489028509505345e-09
3.220245690673763788e-09
3.217007556554166704e-09
3.213774614751866227e-09
3.210546089353021094e-09
3.207323498755751121e-09
3.204106066278213000e-09
3.200893780521694522e-09
3.197686630087516979e-09
3.194484603577032682e-09
3.191286930712844216e-09
3.188095125988481948e-09
3.184909182048294808e-09
3.181726818571544936e-09
3.178550305724793399e-09
3.175378880016428038e-09
3.172212536369395405e-09
3.169050515065441412e-09
3.165894321061018704e-09
3.162743193885656652e-09
3.159597128462360125e-09
3.156456871358433216e-09
3.153320162564068731e-09
3.150188500289272291e-09
3.147063370807613248e-09
3.143942509625954320e-09
3.140826652863306749e-09
3.137715039300834715e-09
3.134609896459191518e-09
3.131508223041994759e-09
3.128412244352763355e-09
3.125321199911897084e-09
3.122235075685624622e-09
3.119154600408283266e-09
3.116077531741975178e-09
3.113006825262405686e-09
3.109939501126635671e-09
3.106878513434349791e-09
3.103820892551397007e-09
3.100768849229979512e-09
3.097721634834873940e-09
3.094679240577742059e-09
3.091641657670273348e-09
3.088608877324181274e-09
3.085580890751204118e-09
3.082556955103437213e-09
3.079539263771677147e-09
3.076525605788729214e-09
3.073516706426102033e-09
3.070512557393925508e-09
3.067513152395407168e-09
3.064518485632037388e-09
3.061528551305323915e-09
3.058543343616792693e-09
3.055562856767980834e-09
3.052587084960448197e-09
3.049616022395766221e-09
3.046649663275524957e-09
3.043688001801332655e-09
3.040731756281402201e-09
3.037778748597600309e-09
3.034831867974005354e-09
3.031888936827318769e-09
3.028949943596237724e-09
3.026017036955277109e-09
3.023088037760068217e-09
3.020162932866711939e-09
3.017243864676959053e-09
3.014327942495776992e-09
3.011418023771687786e-09
3.008511939798937977e-09
3.005609677417493475e-09
3.002713368639988291e-09
2.999821565356018877e-09
2.996932824965975560e-09
2.994049277213863908e-09
2.991170201815356404e-09
2.988296306350656994e-09
2.985426162830528877e-09
2.982560479519241961e-09
2.979698542785159793e-09
2.976842477328864762e-09
2.973990150352637467e-09
2.971142267390977759e-09
2.968299531265533348e-09
2.965460523511828020e-09
2.962625947628162666e-09
2.959795799566028749e-09
2.956970073628020037e-09
2.954148054018252728e-09
2.951331837303312941e-09
2.948520001196045334e-09
2.945711830262729353e-09
2.942908013394074824e-09
2.940107836486690129e-09
2.937313386083716769e-09
2.934522547758599346e-09
2.931736007731312269e-09
2.928954449567448310e-09
2.926175766803838113e-09
2.923402734206652253e-09
2.920633249054368237e-09
2.917868697912689522e-09
2.915107686995457633e-09
2.912350908438677051e-09
2.909598358851301828e-09
2.906850034842292637e-09
2.904105933020620901e-09
2.901366049995266731e-09
2.898630382375222644e-09
2.895899616410526516e-09
2.893171679787072426e-09
2.890450014725133927e-09
2.887731173522456775e-09
2.885015842176036852e-09
2.882306070722964350e-09
2.879599785348727803e-09
2.876897660443244504e-09
2.874200367822445440e-09
2.871506525230024733e-09
2.868816805124006120e-09
2.866131194843348076e-09
2.863449681727045889e-09
2.860772934395803480e-09
2.858099576989182176e-09
2.855430278765083389e-09
2.852765027062646336e-09
2.850104489348953701e-09
2.847447979881308084e-09
2.844794139354187311e-09
2.842145674597645722e-09
2.839500548824183993e-09
2.836859435162822366e-09
2.834222329263469696e-09
2.831589226776044768e-09
2.828960797061511563e-09
2.826335687723067092e-09
2.823714568747332830e-09
2.821097435784276778e-09
2.818485626919862322e-09
2.815876451116679046e-09
2.813271244836124156e-09
2.810670669644448884e-09
2.808072709675339962e-09
2.805480033334346483e-09
2.802891294116158451e-09
2.800305150448743337e-09
2.797723597060624077e-09
2.795146624317074278e-09
2.792572892486280606e-09
2.790003724493535954e-09
2.787438446886113289e-09
2.784876388655576992e-09
2.782317543304073039e-09
2.779763888196073026e-09
2.777214085892212795e-09
2.774666803812206307e-09
2.772124675325998062e-09
2.769585707060614381e-09
2.767051207780561596e-09
2.764519847925682732e-09
2.761992276073822911e-09
2.759469138395149753e-09
2.756949765514480042e-09
2.754433490457174045e-09
2.751920959393484996e-09
2.749412162492695982e-09
2.746907748795631734e-09
2.744407058957636800e-09
2.741908783022843081e-09
2.739416182586374138e-09
2.736925337494398272e-09
2.734439505187799454e-09
2.731956726272306284e-09
2.729478298620627364e-09
2.727003567048620994e-09
2.724531878730142929e-09
2.722063879730048700e-09
2.719600213762245626e-09
2.717139579600244887e-09
2.714682615037175300e-09
2.712229954224297067e-09
2.709780938286146884e-09
2.707334910680773109e-09
2.704892505559531070e-09
2.702453711143370085e-09
2.700019158677645425e-09
2.697587549755982166e-09
2.695160158071236823e-09
2.692736328822662189e-09
2.690314768804107702e-09
2.687898030249353085e-09
2.685484820212672355e-09
2.683074494988982560e-09
2.680668329833462293e-09
2.678265044033027362e-09
2.675865910551915546e-09
2.673469014258959214e-09
2.671076899814956892e-09
2.668687653799455506e-09
2.666303179614890231e-09
2.663920298390946902e-09
2.661542815126264696e-09
2.659166921616994541e-09
2.656795783331584467e-09
2.654427496602576422e-09
2.652063320746102793e-09
2.649701670397966369e-09
2.647345063982437361e-09
2.644990656565637528e-09
2.642639704190487257e-09
2.640292829611298092e-09
2.637948768595393631e-09
2.635608772150675653e-09
2.633271578275742792e-09
2.630938435750552020e-09
2.628608710827280212e-09
2.626281146502833510e-09
2.623958863108093094e-09
2.621638720042503995e-09
2.619321952932849728e-09
2.617009169723977757e-09
2.614699108006376482e-09
2.612392998445072540e-09
2.610090202450954034e-09
2.607790704703166532e-09
2.605493248825866821e-09
2.603200302699888939e-09
2.600910608856308957e-09
2.598623533081953858e-09
2.596340298384490045e-09
2.594060273223988754e-09
2.591782841102667071e-09
2.589509241074202810e-09
2.587238243133611487e-09
2.584970468526783308e-09
2.582706536339429618e-09
2.580445834372779002e-09
2.578188366610714443e-09
2.575933523545054756e-09
2.573682536679595579e-09
2.571434183548345186e-09
2.569189693511843227e-09
2.566948457597685394e-09
2.564709865797429041e-09
2.562474518121872788e-09
2.560243009280998698e-09
2.558014713408758398e-09
2.555789615459876400e-09
2.553567092220426525e-09
2.551348345510685856e-09
2.549132751587897173e-09
2.546919688820388949e-09
2.544710355861959446e-09
2.542504130554357268e-09
2.540300392841471579e-09
2.538100338224036213e-09
2.535902744580095025e-09
2.533708817430215411e-09
2.531517348858843903e-09
2.529329544720537786e-09
2.527144199185755372e-09
2.524962516025962113e-09
2.522783892333735424e-09
2.520608327601540441e-09
2.518435821321845612e-09
2.516265174406030295e-09
2.514099383314957285e-09
2.511935451602600512e-09
2.509774577340335406e-09
2.507617952955584405e-09
2.505463180347955852e-09
2.503311445335543580e-09
2.501163333941136585e-09
2.499018239774217678e-09
2.496876153163721182e-09
2.494737064438597549e-09
2.492600370269907844e-09
2.490467248810219323e-09
2.488336503579065581e-09
2.486209310698017877e-09
2.484085067345975299e-09
2.481963763852003280e-09
2.479844801006717135e-09
2.477729946422132281e-09
2.475616245831253547e-09
2.473507235265397032e-09
2.471399963977576344e-09
2.469296196137563439e-09
2.467195339461779883e-09
2.465096803668358568e-09
2.463001760309031220e-09
2.460909618602557658e-09
2.458820375378722275e-09
2.456733442346328490e-09
2.454649987073085255e-09
2.452568835705069544e-09
2.450491149144668609e-09
2.448416333978766558e-09
2.446343798771162840e-09
2.444274700522638485e-09
2.442209028967608293e-09
2.440145611499342803e-09
2.438083860121251599e-09
2.436026669945762767e-09
2.433971708965973352e-09
2.431918969861423442e-09
2.429869024034490082e-09
2.427822440934935063e-09
2.425778633323990312e-09
2.423737596232539526e-09
2.421699325455222114e-09
2.419663816786687823e-09
2.417630490207875829e-09
2.415600493624106693e-09
2.413572671684521547e-09
2.411548744727631866e-09
2.409526410119518484e-09
2.407507960157162769e-09
2.405491096056710567e-09
2.403476961380486439e-09
2.401466123887529329e-09
2.399458006507377030e-09
2.397453176340794433e-09
2.395449916504015946e-09
2.393449936178629039e-09
2.391452090919993227e-09
2.389457516517170768e-09
2.387465639060996401e-09
2.385476454700416217e-09
2.383489959584383757e-09
2.381505582646702650e-09
2.379524454938237487e-09
2.377546571193206945e-09
2.375570228742725885e-09
2.373597121691213926e-09
2.371626110739261911e-09
2.369658317056847360e-09
2.367693730213135482e-09
2.365731212860594118e-09
2.363770194381416281e-09
2.361813481184515945e-09
2.359858249740474168e-09
2.357906178607189273e-09
2.355957257365156774e-09
2.354009793587526898e-09
2.352065461650215981e-09
2.350123691393990250e-09
2.348183916063000932e-09
2.346247253426576447e-09
2.344313144033614809e-09
2.342381588178322245e-09
2.340452586154903321e-09
2.338525581272799710e-09
2.336602244780496818e-09
2.334680349948473425e-09
2.332762122264017377e-09
2.330845338656449402e-09
2.328931666258053632e-09
2.327020549750334830e-09
2.325111435635706013e-09
2.323205983660656952e-09
2.321301970243683815e-09
2.319401044154824152e-09
2.317502640811809616e-09
2.315606748970475115e-09
2.313713357386675823e-09
2.311822454816290074e-09
2.309934030015216056e-09
2.308048071739374290e-09
2.306164568744707631e-09
2.304283509787177130e-09
2.302404883622768244e-09
2.300528131067392890e-09
2.298654886982377075e-09
2.296783507728551828e-09
