3.810435771163208783e+07 -4.676790845332743973e+07 3.080074169579091176e+04 -1.628217003511442750e+15 -1.016424116228658357e+06 4.424024821281138429e+03 1.375976129324412439e+06 1.583372009436574765e+06 8.009066764932398219e+05 5.127731967211562209e+06
-4.676790845332743973e+07 5.804311436451595277e+07 -3.849421996957455849e+04 2.048198127831363250e+15 1.097123120146941394e+06 -5.589660254377176898e+03 -1.714546782095989911e+06 -1.989868387254453730e+06 -1.007689013433048502e+06 -6.451353761229782365e+06
3.080074169579091176e+04 -3.849421996957455121e+04 2.590116068360400448e+01 -1.363674128538691406e+12 -6.846684840641020173e+02 3.735765353082696194e+00 1.137501892898924780e+03 1.328692912804099478e+03 6.715690371472904872e+02 4.304747609747342722e+03
-1.628217003511442500e+15 2.048198127831363000e+15 -1.363674128538691406e+12 7.368721731513567989e+22 3.027440124532742969e+13 -2.021500996722335815e+11 -6.090609211286701562e+13 -7.136602658425354688e+13 -3.624402774307534375e+13 -2.318783958588203125e+14
-1.016424116228658240e+06 1.097123120146941394e+06 -6.846684840641019036e+02 3.027440124532742969e+13 7.223048676071804948e+04 -7.588452918598372321e+01 -2.995741903009764792e+04 -3.062834623393911534e+04 -1.493512309246775112e+04 -9.640554775112596690e+04
4.424024821281137520e+03 -5.589660254377176898e+03 3.735765353082696194e+00 -2.021500996722335815e+11 -7.588452918598372321e+01 5.557269558630005823e-01 1.664926131404094463e+02 1.957528358722061910e+02 9.944408237811308027e+01 6.362705710642406984e+02
1.375976129324412439e+06 -1.714546782095989911e+06 1.137501892898924780e+03 -6.090609211286701562e+13 -2.995741903009765156e+04 1.664926131404094463e+02 5.079616895393471350e+04 5.908032022193329612e+04 2.995754981137006325e+04 1.917192780211697973e+05
1.583372009436574765e+06 -1.989868387254453031e+06 1.328692912804099706e+03 -7.136602658425354688e+13 -3.062834623393911170e+04 1.957528358722061910e+02 5.908032022193329612e+04 6.922115750643303909e+04 3.511439168030684232e+04 2.247580159548122610e+05
8.009066764932398219e+05 -1.007689013433048618e+06 6.715690371472906008e+02 -3.624402774307534375e+13 -1.493512309246774930e+04 9.944408237811309448e+01 2.995754981137005962e+04 3.511439168030683504e+04 1.782889070711050954e+04 1.140772682234288222e+05
5.127731967211562209e+06 -6.451353761229782365e+06 4.304747609747342722e+03 -2.318783958588203125e+14 -9.640554775112596690e+04 6.362705710642406984e+02 1.917192780211697973e+05 2.247580159548122610e+05 1.140772682234288222e+05 7.300376554757100530e+05
