1.000000000000000016e+100
1.000000000000000016e+100
1.000000000000000016e+100
1.000000000000000016e+100
1.000000000000000016e+100
1.000000000000000016e+100
1.000000000000000016e+100
1.000000000000000016e+100
1.000000000000000016e+100
1.000000000000000016e+100
1.000000000000000016e+100
1.000000000000000016e+100
1.000000000000000016e+100
1.000000000000000016e+100
1.000000000000000016e+100
1.000000000000000016e+100
1.000000000000000016e+100
1.000000000000000016e+100
1.000000000000000016e+100
1.000000000000000016e+100
1.000000000000000016e+100
1.000000000000000016e+100
1.000000000000000016e+100
1.000000000000000016e+100
1.000000000000000016e+100
1.000000000000000016e+100
1.000000000000000016e+100
1.000000000000000016e+100
1.000000000000000016e+100
1.000000000000000016e+100
1.000000000000000016e+100
5.403896158411686436e-09
5.405875782119844881e-09
5.407972481009888446e-09
5.410181414321747282e-09
5.412498136536345029e-09
5.414919090756565063e-09
5.417440893931592650e-09
5.420060875879523636e-09
5.422776415681316015e-09
5.425585481764488540e-09
5.428485999722042606e-09
5.431476401332831607e-09
5.434555011819731793e-09
5.437720594187400078e-09
5.440971786906977293e-09
5.444307580223534563e-09
5.447726861466605947e-09
5.451228778801270481e-09
5.454812406564648904e-09
5.458477009915859676e-09
5.462221822400419020e-09
5.466046169573245382e-09
5.469949408893041856e-09
5.473930916185151273e-09
5.477990151178363934e-09
5.482126503729073811e-09
5.486339518827614409e-09
5.490628592414671954e-09
5.494993335425318418e-09
5.499433140937228132e-09
5.503947674464873997e-09
5.508536314288107591e-09
5.513198773732917675e-09
5.517934403995270723e-09
5.522742951945262456e-09
5.527623752355079923e-09
5.532576571174990372e-09
5.537600724163552699e-09
5.542695981298869375e-09
5.547861652180926224e-09
5.553097498364805184e-09
5.558402822341638202e-09
5.563777369257125699e-09
5.569220437980958233e-09
5.574731739296621170e-09
5.580310589827862141e-09
5.585956654699963085e-09
5.591669269410880149e-09
5.597448040007044577e-09
5.603292334496336087e-09
5.609201693168833705e-09
5.615175520225815695e-09
5.621213273056368006e-09
5.627314414898600478e-09
5.633478306438706210e-09
5.639704478205396067e-09
5.645992190653504836e-09
5.652341046589657035e-09
5.658750199129722644e-09
5.665219329866811223e-09
5.671747491309212017e-09
5.678334443647068793e-09
5.684979143303595008e-09
5.691681414214352675e-09
5.698440156278902692e-09
5.705255231160126034e-09
5.712125530225155196e-09
5.719050898204132462e-09
5.726030343777313846e-09
5.733063551771180991e-09
5.740150100829731953e-09
5.747289186607531120e-09
5.754480321667565865e-09
5.761722691899635189e-09
5.769015801845212786e-09
5.776358830672389948e-09
5.783751273541278158e-09
5.791192306002130518e-09
5.798681413147499523e-09
5.806217765147007061e-09
5.813800842677023168e-09
5.821429811576948709e-09
5.829104146412353634e-09
5.836823007138552388e-09
5.844585862898433154e-09
5.852391876598247432e-09
5.860240510371994306e-09
5.868130923814668345e-09
5.876062575002390208e-09
5.884034626289021009e-09
5.892046531231921934e-09
5.900097447759102724e-09
5.908186832913277372e-09
5.916313843711339335e-09
5.924477936142531021e-09
5.932678270619950132e-09
5.940914300105631003e-09
5.949185190054400035e-09
5.957490392170757830e-09
5.965829076969465732e-09
5.974200691331085683e-09
5.982604412833998533e-09
5.991039692392933514e-09
5.999505708318479347e-09
6.008001914424045188e-09
6.016527493355896035e-09
6.025081900768014686e-09
6.033664327183675506e-09
6.042274228460588431e-09
6.050910805064979496e-09
6.059573515464095925e-09
6.068261564879311592e-09
6.076974415247749978e-09
6.085711276097251837e-09
6.094471621828435725e-09
6.103254664322908817e-09
6.112059880994443944e-09
6.120886495225292715e-09
6.129733988932779719e-09
6.138601591139530762e-09
6.147488786175852235e-09
6.156394816666797597e-09
6.165319171188560715e-09
6.174261096300426518e-09
6.183220091482407605e-09
6.192195410904950691e-09
6.201186558954285038e-09
6.210192797276271363e-09
6.219213639212651189e-09
6.228248351334556001e-09
6.237296455090037768e-09
6.246357226421727711e-09
6.255430190695207664e-09
6.264514635539832523e-09
6.273610092296306732e-09
6.282715851216510036e-09
6.291831456514222917e-09
6.300956201500899113e-09
6.310089639343160403e-09
6.319231074536874640e-09
6.328380062291716168e-09
6.337535915782206923e-09
6.346698198453877280e-09
6.355866227989730101e-09
6.365039574167785211e-09
6.374217565000884408e-09
6.383399776275653572e-09
6.392585540288499228e-09
6.401774442594477054e-09
6.410965824724132528e-09
6.420159269681751091e-09
6.429354129723049101e-09
6.438549992922451871e-09
6.447746220740230598e-09
6.456942405703328616e-09
6.466137913809794305e-09
6.475332341561109323e-09
6.484525060026182396e-09
6.493715677169301066e-09
6.502903569604944260e-09
6.512088345842885430e-09
6.521269391182200052e-09
6.530446317055859132e-09
6.539618511542315461e-09
6.548785593345938222e-09
6.557946954630402741e-09
6.567102222223987741e-09
6.576250789468020622e-09
6.585392285436445604e-09
6.594526109017143805e-09
6.603651892895016321e-09
6.612769036302260680e-09
6.621877179389606613e-09
6.630975730444637695e-09
6.640064323511263138e-09
6.649142375502813303e-09
6.658209520057447113e-09
6.667265176477586097e-09
6.676308989471771482e-09
6.685340378088965077e-09
6.694358981671521124e-09
6.703364231579428096e-09
6.712355770134607666e-09
6.721333024834152897e-09
6.730295642555259996e-09
6.739243055453699101e-09
6.748174913385504278e-09
6.757090647720732443e-09
6.765989914525685387e-09
6.774872149368284707e-09
6.783737005017860673e-09
6.792583920072082397e-09
6.801412543547709127e-09
6.810222319841061874e-09
6.819012903644085152e-09
6.827783736527174722e-09
6.836534479158768347e-09
6.845264576931718821e-09
6.853973686869124440e-09
6.862661260722420035e-09
6.871326959012248527e-09
6.879970230543557094e-09
6.888590737344529458e-09
6.897187932554555751e-09
6.905761479957101918e-09
6.914310839057651754e-09
6.922835675415033238e-09
6.931335445925269808e-09
6.939809821746103693e-09
6.948258267621821513e-09
6.956680447507066799e-09
6.965075831223612232e-09
6.973444087972845930e-09
6.981784692646023665e-09
6.990097317809926148e-09
6.998381435407627434e-09
7.006636725326084422e-09
7.014862663536793692e-09
7.023058932397857974e-09
7.031225014296715895e-09
7.039360591801068655e-09
7.047465153315212891e-09
7.055538390428351222e-09
7.063579790553691353e-09
7.071589054667341881e-09
7.079565676477046431e-09
7.087509354394967203e-09
7.095419595481668764e-09
7.103296103761587358e-09
7.111138387947305377e-09
7.118946162938745206e-09
7.126718945519144063e-09
7.134456451229338762e-09
7.142158206477439122e-09
7.149823933929205474e-09
7.157453168439887928e-09
7.165045645499843451e-09
7.172600904344351029e-09
7.180118687618792247e-09
7.187598545207020050e-09
7.195040232246549745e-09
7.202443306493151516e-09
7.209807536137152303e-09
7.217132482695446360e-09
7.224417930534891628e-09
7.231663451767120924e-09
7.238868843204872455e-09
7.246033690554920883e-09
7.253157797034394059e-09
7.260240767685606199e-09
7.267282417018862764e-09
7.274282363800422592e-09
7.281240433805437818e-09
7.288156264750071096e-09
7.295029695413449449e-09
7.301860378276990527e-09
7.308648170466866840e-09
7.315392736406391698e-09
7.322093950746821164e-09
7.328751497509442732e-09
7.335365267621822129e-09
7.341934960838954151e-09
7.348460484032077569e-09
7.354941563113136173e-09
7.361378119711976506e-09
7.367769897527208548e-09
7.374116843200831374e-09
7.380418716874691329e-09
7.386675486868468264e-09
7.392886935669245562e-09
7.399053048761958099e-09
7.405173636331276203e-09
7.411248707081571829e-09
7.417278088417090453e-09
7.423261812552333055e-09
7.429199736277161186e-09
7.435091912745579796e-09
7.440938221840272634e-09
7.446738739105232159e-09
7.452493373426385683e-09
7.458202224784152221e-09
7.463865225600829588e-09
7.469482503908500058e-09
7.475054018446120818e-09
7.480579923712253295e-09
7.486060205100069084e-09
7.491495037927650206e-09
7.496884442736817835e-09
7.502228618072503435e-09
7.507527612622913548e-09
7.512781655950591631e-09
7.517990823485962380e-09
7.523155369652613254e-09
7.528275399129445100e-09
7.533351196611121903e-09
7.538382893009214442e-09
7.543370806838572637e-09
7.548315091724094714e-09
7.553216096114726974e-09
7.558074000830675628e-09
7.562889181081774600e-09
7.567661848368067854e-09
7.572392404658038580e-09
7.577081086831238323e-09
7.581728327802317021e-09
7.586334390023225697e-09
7.590899732090223116e-09
7.595424645905568519e-09
7.599909613743191820e-09
7.604354956459856689e-09
7.608761180746729833e-09
7.613128633805964757e-09
7.617457853168886756e-09
7.621749204040141835e-09
7.626003248711725890e-09
7.630220371532351192e-09
7.634401159935018573e-09
7.638546023756593093e-09
7.642655575028785874e-09
7.646730238709460886e-09
7.650770648318008295e-09
7.654777248834729848e-09
7.658750692982250206e-09
7.662691445947172943e-09
7.666600171656019420e-09
7.670477354494756501e-09
7.674323678431964047e-09
7.678139641760655762e-09
7.681925939639395029e-09
7.685683087775647007e-09
7.689411790530863976e-09
7.693112574753288950e-09
7.696786160133599293e-09
7.700433078669328322e-09
7.704054060215737365e-09
7.707649650434217136e-09
7.711220578899141585e-09
7.714767402072382142e-09
7.718290852456512274e-09
7.721791494450227857e-09
7.725270062632941118e-09
7.728727125544353045e-09
7.732163415880337635e-09
7.735579504283090469e-09
7.738976124176717159e-09
7.742353849108192008e-09
7.745713405613732336e-09
7.749055366150718711e-09
7.752380457010539534e-09
7.755689246157403078e-09
7.758982453739103257e-09
7.762260644744853568e-09
7.765524533851475352e-09
7.768774680074741980e-09
7.772011787682372932e-09
7.775236411850317890e-09
7.778449247382845546e-09
7.781650840213584988e-09
7.784841876468485832e-09
7.788022894081900584e-09
7.791194568302031204e-09
7.794357427478077980e-09
7.797512134548779582e-09
7.800659206502776553e-09
7.803799294982599160e-09
7.806932903285372940e-09
7.810060672471124429e-09
7.813183097902199507e-09
7.816300804452303196e-09
7.819414269791561016e-09
7.822524110741986280e-09
7.825630793073874290e-09
7.828734917430153023e-09
7.831836937799723282e-09
7.834937445214228537e-09
7.838036879722776325e-09
7.841135815791517283e-09
7.844234682818245369e-09
7.847334041481041075e-09
7.850434311190617427e-09
7.853536039048018401e-09
7.856639631273020291e-09
7.859745623868545266e-09
7.862854407469064307e-09
7.865966509701948467e-09
7.869082311019452579e-09
7.872202323657851154e-09
7.875326915262378326e-09
7.878456590385583227e-09
7.881591702692763646e-09
7.884732746880667968e-09
7.887880068078133075e-09
7.891034153691883547e-09
7.894195334764016018e-09
7.897364090384150880e-09
7.900540745313873689e-09
7.903725766793558369e-09
7.906919472599106273e-09
7.910122322749272050e-09
7.913334625870793541e-09
7.916556835460892084e-09
7.919789252458505453e-09
7.923032324118551381e-09
7.926286342288979740e-09
7.929551752117842849e-09
7.932828836504581229e-09
7.936118032987354308e-09
7.939419619998496427e-09
7.942734029004429708e-09
7.946061537352414470e-09
7.949402564942343466e-09
7.952757386556155015e-09
7.956126416556148171e-09
7.959509924236491953e-09
7.962908323191529280e-09
7.966321873863125891e-09
7.969750985569562502e-09
7.973195915574600839e-09
7.976657070957163375e-09
7.980134705892567583e-09
7.983629217878016519e-09
7.987140859061143276e-09
7.990670024170519496e-09
7.994216958664509281e-09
7.997782053166358768e-09
8.001365551820043720e-09
8.004967836119444501e-09
8.008589147382072300e-09
8.012229861743566395e-09
8.015890213022814110e-09
8.019570573603112001e-09
8.023271172582927076e-09
8.026992377006257238e-09
8.030734410799037072e-09
8.034497633550054365e-09
8.038282260574505282e-09
8.042088644741613955e-09
8.045916997504275054e-09
8.049767668192137388e-09
8.053640857053298956e-09
8.057536902689620481e-09
8.061456003572601298e-09
8.065398487406363172e-09
8.069364542988371010e-09
8.073354487883752273e-09
8.077368505488474195e-09
8.081406906162031057e-09
8.085469858847607533e-09
8.089557666826731779e-09
8.093670490217112309e-09
8.097808619495112769e-09
8.101972204577220226e-09
8.106161524376392388e-09
8.110376719259809150e-09
8.114618056134330109e-09
8.118885662442560511e-09
8.123179793005713536e-09
8.127500562475071960e-09
8.131848215452709131e-09
8.136222850690690778e-09
8.140624702301775025e-09
8.145053856512996080e-09
8.149510529944778248e-09
8.153994798626261208e-09
8.158506863128719116e-09
8.163046785602102598e-09
8.167614756254128512e-09
8.172210820692152665e-09
8.176835151260238375e-09
8.181487779060365091e-09
8.186168865224020653e-09
8.190878422671450245e-09
8.195616600488065954e-09
8.200383391578582146e-09
8.205178928877343835e-09
8.210003192344777371e-09
8.214856296888032345e-09
8.219738208584345810e-09
8.224649025563874368e-09
8.229588693115224710e-09
8.234557295785774632e-09
8.239554764780753893e-09
8.244581166259899262e-09
8.249636417943813289e-09
8.254720566821087896e-09
8.259833515593816053e-09
8.264975299153604273e-09
8.270145794701487069e-09
8.275345015005301597e-09
8.280572838203370649e-09
8.285829240611700106e-09
8.291114104615986682e-09
8.296427380881544135e-09
8.301768932607259182e-09
8.307138698009390598e-09
8.312536527983294345e-09
8.317962343070152983e-09
8.323415967961491368e-09
8.328897319108795305e-09
8.334406199259111693e-09
8.339942513372933444e-09
8.345506035022817652e-09
8.351096655654982214e-09
8.356714136864561155e-09
8.362358358010675082e-09
8.368029066983653528e-09
8.373726138853953630e-09
8.379449295625075896e-09
8.385198391011272159e-09
8.390973153890499460e-09
8.396773395944326421e-09
8.402598840062556071e-09
8.408449308403902772e-09
8.414324478898061064e-09
8.420224167073027472e-09
8.426148048472709126e-09
8.432095919971501447e-09
8.438067445162861205e-09
8.444062418122414908e-09
8.450080466169125648e-09
8.456121377380463653e-09
8.462184777535630045e-09
8.468270447725041038e-09
8.474377991391951609e-09
8.480507182183626496e-09
8.486657622199468162e-09
8.492829062250524639e-09
8.499021096562719435e-09
8.505233463002996196e-09
8.511465759828687077e-09
8.517717698812143742e-09
8.523988890291059077e-09
8.530279029431349783e-09
8.536587704219003155e-09
8.542914620960545005e-09
8.549259354312903279e-09
8.555621599810037109e-09
8.562000934507084451e-09
8.568397022394565311e-09
8.574809461905053363e-09
8.581237899720142243e-09
8.587681931133253547e-09
8.594141197249058082e-09
8.600615295535430135e-09
8.607103862671303289e-09
8.613606470836341831e-09
8.620122784959750328e-09
8.626652355816534829e-09
8.633194837104737675e-09
8.639749800936018979e-09
8.646316885819576816e-09
8.652895658591440740e-09
8.659485761631137281e-09
8.666086761064207403e-09
8.672698300653167373e-09
8.679319947401110757e-09
8.685951344126835043e-09
8.692592045234573094e-09
8.699241709959580446e-09
8.705899875739831432e-09
8.712566213576861839e-09
8.719240283797071043e-09
8.725921734251598382e-09
8.732610120093053492e-09
8.739305097087158927e-09
8.746006252059944958e-09
8.752713213459138721e-09
8.759425584872291889e-09
8.766142999553888064e-09
8.772865057880830312e-09
8.779591395410669930e-09
8.786321617789007115e-09
8.793055390525268964e-09
8.799792295903921731e-09
8.806532016974347120e-09
8.813274126646092085e-09
8.820018323059419593e-09
8.826764190624416807e-09
8.833511440181472503e-09
8.840259646088541773e-09
8.847008532512576313e-09
8.853757688267374343e-09
8.860506831419195621e-09
8.867255560197352385e-09
8.874003611314613245e-09
8.880750591567014579e-09
8.887496233398305413e-09
8.894240152829875590e-09
8.900982086979195144e-09
8.907721674519257148e-09
8.914458658446292669e-09
8.921192692037555613e-09
8.927923495535227501e-09
8.934650751594214221e-09
8.941374188003969301e-09
8.948093507999710172e-09
8.954808427540331560e-09
8.961518668669180914e-09
8.968223959246776505e-09
8.974924022971743525e-09
8.981618609467085231e-09
8.988307436118743377e-09
8.994990266179543442e-09
9.001666819414476375e-09
9.008336901231695280e-09
9.015000204950684293e-09
9.021656548380246548e-09
9.028305660357645106e-09
9.034947343043548457e-09
9.041581328589004459e-09
9.048207462584790502e-09
9.054825469445832139e-09
9.061435189430356246e-09
9.068036361808702751e-09
9.074628834414817282e-09
9.081212371344157664e-09
9.087786812714417750e-09
9.094351953772893955e-09
9.100907635996043402e-09
9.107453661250202212e-09
9.113989860075220988e-09
9.120516031786136217e-09
9.127032091093728058e-09
9.133537798399269030e-09
9.140033082921352521e-09
9.146517732598437750e-09
9.152991654194297833e-09
9.159454661542820388e-09
9.165906659311678043e-09
9.172347464265945707e-09
9.178777026087272152e-09
9.185195155198482102e-09
9.191601783173724559e-09
9.197996752725004748e-09
9.204380007580291006e-09
9.210751408259379282e-09
9.217110896149493798e-09
9.223458317654007707e-09
9.229793659793663105e-09
9.236116783982638362e-09
9.242427662068360800e-09
9.248726166306671517e-09
9.255012295733024981e-09
9.261285962062854621e-09
9.267547140057647449e-09
9.273795739648211267e-09
9.280031744101645122e-09
9.286255098202278276e-09
9.292465765310696401e-09
9.298663713219181396e-09
9.304848954651721576e-09
9.311021435731237848e-09
9.317181168757024146e-09
9.323328124296927212e-09
9.329462337071595179e-09
9.335583766883876813e-09
9.341692477436582287e-09
9.347788444295762454e-09
9.353871726206816616e-09
9.359942324875505346e-09
9.366000303625441027e-09
9.372045683580075227e-09
9.378078564277042140e-09
9.384098956437712580e-09
9.390106930064439568e-09
9.396102538791471746e-09
9.402085886781676644e-09
9.408057027062051418e-09
9.414016084271489170e-09
9.419963121294466986e-09
9.425898253330999407e-09
9.431821580854903791e-09
9.437733222755554217e-09
9.443633305444379342e-09
9.449521967302758145e-09
9.455399318692451319e-09
9.461265524772164849e-09
9.467120723625563830e-09
9.472965075198839222e-09
9.478798762203588721e-09
9.484621963088906972e-09
9.490434826756156719e-09
9.496237546268038928e-09
9.502030315654802761e-09
9.507813329325170563e-09
9.513586757143299975e-09
9.519350863563992784e-09
9.525105828584824083e-09
9.530851905969076138e-09
9.536589296723666046e-09
9.542318286666904900e-09
9.548039066238960547e-09
9.553751944730474258e-09
9.559457126676564723e-09
9.565154929334709428e-09
9.570845591040013244e-09
9.576529405555211850e-09
9.582206633145835928e-09
9.587877586370942345e-09
9.593542532068989479e-09
9.599201819290321988e-09
9.604855701198549278e-09
9.610504524972554611e-09
9.616148579410118906e-09
9.621788230379191067e-09
9.627423762095864774e-09
9.633055530489479131e-09
9.638683847628953404e-09
9.644309083214655264e-09
9.649931566611549493e-09
9.655551675022976941e-09
9.661169728883170807e-09
9.666786137692595028e-09
9.672401209893292904e-09
9.678015362507349514e-09
9.683628924339721746e-09
9.689242310839713313e-09
9.694855860129066152e-09
9.700469991301701312e-09
9.706085038269754220e-09
9.711701434858711510e-09
9.717319528305656873e-09
9.722939750076899934e-09
9.728562442640927412e-09
9.734188062323150718e-09
9.739816939557157686e-09
9.745449531675390909e-09
9.751086187019476622e-09
9.756727377857116230e-09
9.762373448601488148e-09
9.768024834314310362e-09
9.773681876406787185e-09
9.779345052986227289e-09
9.785014691868557483e-09
9.790691264620077990e-09
9.796375113922405233e-09
9.802066699915429496e-09
9.807766369561923179e-09
9.813474576763766032e-09
9.819191658024779381e-09
9.824918072806955836e-09
9.830654151837201478e-09
9.836400355799661656e-09
9.842157008320777009e-09
9.847924568460505557e-09
9.853703354412104288e-09
9.859493809914175931e-09
9.865296258571675937e-09
9.871111145928331855e-09
9.876938782000343123e-09
9.882779598122737531e-09
9.888633894455928657e-09
9.894502126601599468e-09
9.900384561872199379e-09
9.906281650697371932e-09
9.912193651229873019e-09
9.918120999318701353e-09
9.924063950983305754e-09
9.930022942611841260e-09
9.935998211667402249e-09
9.941990178781132295e-09
9.947999088372122467e-09
9.954025337826922217e-09
9.960069168496786739e-09
9.966130948555133109e-09
9.972210913231747461e-09
9.978309442984190167e-09
9.984426730240756020e-09
9.990563164615234682e-09
9.996718912072505671e-09
1.000289434945245164e-08
1.000908965402432478e-08
1.001530515866165586e-08
1.002154103611244860e-08
1.002779761441472285e-08
1.003407505678022642e-08
1.004037365733545097e-08
1.004669358076409568e-08
1.005303509560112169e-08
1.005939835992505863e-08
1.006578362039996246e-08
1.007219103698101392e-08
1.007862083507462718e-08
1.008507313711804663e-08
1.009154818044066281e-08
1.009804606424949245e-08
1.010456699930740773e-08
1.011111107501042142e-08
1.011767848271174166e-08
1.012426929787822218e-08
1.013088370478715478e-08
1.013752175248467530e-08
1.014418361205866908e-08
1.015086931201420355e-08
1.015757903134292939e-08
1.016431276692940151e-08
1.017107066098730681e-08
1.017785271883442733e-08
1.018465905912169737e-08
1.019148966920973926e-08
1.019834464687548364e-08
1.020522396315072796e-08
1.021212771782837436e-08
1.021905584421804473e-08
1.022600842154537762e-08
1.023298539046426523e-08
1.023998680199024467e-08
1.024701256697918958e-08
1.025406273664441431e-08
1.026113720074966131e-08
1.026823599009345220e-08
1.027535898536361608e-08
1.028250619021185262e-08
1.028967748224359995e-08
1.029687285477306655e-08
1.030409215490640153e-08
1.031133537203959944e-08
1.031860233211146263e-08
1.032589299283561162e-08
1.033320718257610263e-08
1.034054484886512251e-08
1.034790580121892590e-08
1.035528997306609155e-08
1.036269715873503401e-08
1.037012727813758706e-08
1.037758009982540915e-08
1.038505554032794123e-08
1.039255334875945892e-08
1.040007342274413734e-08
1.040761550500136508e-08
1.041517950000327259e-08
1.042276512828922754e-08
1.043037226956912805e-08
1.043800063858769012e-08
1.044565009962977447e-08
1.045332035646491088e-08
1.046101125981727195e-08
1.046872251406814707e-08
1.047645394563718699e-08
1.048420525391707064e-08
1.049197626957935728e-08
1.049976666448062111e-08
1.050757624179064132e-08
1.051540470041890262e-08
1.052325181627059652e-08
1.053111728398597638e-08
1.053900086022477993e-08
1.054690223650246499e-08
1.055482117523195604e-08
1.056275734349012458e-08
1.057071049862290924e-08
1.057868029532848654e-08
1.058666650639222215e-08
1.059466876498137350e-08
1.060268682764815311e-08
1.061072034489525756e-08
1.061876905446818713e-08
1.062683259998440702e-08
1.063491071733957533e-08
1.064300304683741379e-08
1.065110931984920033e-08
1.065922916287780663e-08
1.066736232448869379e-08
1.067550840141166435e-08
1.068366714839284484e-08
1.069183816664598701e-08
1.070002119322209033e-08
1.070821584864559678e-08
1.071642186269523993e-08
1.072463884143952432e-08
1.073286651036585324e-08
1.074110449181244082e-08
1.074935250691122045e-08
1.075761016373922852e-08
1.076587719137177910e-08
1.077415320327238797e-08
1.078243792253205825e-08
1.079073096352495879e-08
1.079903203561568888e-08
1.080734076642340870e-08
1.081565688011472252e-08
1.082397997875432431e-08
1.083230981453496640e-08
1.084064596829942691e-08
1.084898819760701904e-08
1.085733610540527671e-08
1.086568944375838354e-08
1.087404780326292376e-08
1.088241094858024100e-08
1.089077847556669465e-08
1.089915014671418507e-08
1.090752557136765607e-08
1.091590449285654857e-08
1.092428653929710370e-08
1.093267146776200431e-08
1.094105889722822604e-08
1.094944859031622142e-08
1.095784017670554337e-08
1.096623341520338644e-08
1.097462794192288442e-08
1.098302352605196805e-08
1.099141980010950922e-08
1.099981655227651469e-08
1.100821340381897897e-08
1.101661014537180465e-08
1.102500643909315448e-08
1.103340205850488598e-08
1.104179665560906648e-08
1.105019003108295996e-08
1.105858183684970084e-08
1.106697188895765010e-08
1.107535983063660313e-08
1.108374549098453050e-08
1.109212852202873186e-08
1.110050876472612705e-08
1.110888586622515558e-08
1.111725966689651441e-08
1.112562983600720775e-08
1.113399620825437355e-08
1.114235847582068839e-08
1.115071646385293087e-08
1.115906988022591491e-08
1.116741856943375178e-08
1.117576223251421391e-08
1.118410072478262738e-08
1.119243375900686068e-08
1.120076118969793249e-08
1.120908275032665898e-08
1.121739828869756793e-08
1.122570754246241360e-08
1.123401037952399251e-08
1.124230654459966861e-08
1.125059590861125411e-08
1.125887821375610390e-08
1.126715335755581115e-08
1.127542108630334352e-08
1.128368129292712234e-08
1.129193374928221140e-08
1.130017834291994446e-08
1.130841486104560424e-08
1.131664320109994684e-08
1.132486314544548139e-08
1.133307461857636751e-08
1.134127738592865311e-08
1.134947140017020661e-08
1.135765644053836441e-08
1.136583243866045166e-08
1.137399920379950149e-08
1.138215667555671456e-08
1.139030466038129048e-08
1.139844311582603590e-08
1.140657186133699255e-08
1.141469085603217808e-08
1.142279992353084148e-08
1.143089902759861229e-08
1.143898801891668444e-08
1.144706686581050573e-08
1.145513541929906087e-08
1.146319364023006341e-08
1.147124140590676587e-08
1.147927869079416891e-08
1.148730535980422550e-08
1.149532141979540275e-08
1.150332673959283500e-08
1.151132131629609449e-08
1.151930505386723405e-08
1.152727793444950875e-08
1.153523988007865769e-08
1.154319089583551041e-08
1.155113089655377105e-08
1.155905990252694947e-08
1.156697783364108792e-08
1.157488471570975701e-08
1.158278049139146162e-08
1.159066518513228728e-08
1.159853873836888060e-08
1.160640120674239749e-08
1.161425253701999357e-08
1.162209279738005057e-08
1.162992193218420516e-08
1.163774000366090739e-08
1.164554700475828704e-08
1.165334299787342155e-08
1.166112797791519956e-08
1.166890202093361229e-08
1.167666511320774675e-08
1.168441736755410482e-08
1.169215877785205289e-08
1.169988946041062144e-08
1.170760941403527067e-08
1.171531875917283002e-08
1.172301752918377154e-08
1.173070585327891152e-08
1.173838375802747652e-08
1.174605139076720482e-08
1.175370879036576988e-08
1.176135611110876721e-08
1.176899341264723646e-08
1.177662085236468363e-08
1.178423849215808437e-08
1.179184652550539753e-08
1.179944501199208886e-08
1.180703415690164058e-08
1.181461401534484023e-08
1.182218482222173162e-08
1.182974664881809475e-08
1.183729972511148613e-08
1.184484414486225248e-08
1.185238014036358121e-08
1.185990781665886370e-08
1.186742741819616715e-08
1.187493905464673843e-08
1.188244298916969683e-08
1.188993932758058202e-08
1.189742837984052305e-08
1.190491024501719807e-08
1.191238521680769770e-08
1.191985343755235020e-08
1.192731519587194465e-08
1.193477064623120252e-08
1.194222008948066244e-08
1.194966368473118703e-08
1.195710173874628814e-08
1.196453443047032655e-08
1.197196206654892763e-08
1.197938483685491259e-08
1.198680305539432700e-08
1.199421692006275561e-08
1.200162676672089509e-08
1.200903278077590474e-08
1.201643532015513540e-08
1.202383457607156000e-08
1.203123091238203299e-08
1.203862452522520089e-08
1.204601577693738648e-08
1.205340488767031098e-08
1.206079221522214444e-08
1.206817799231415019e-08
1.207556257524897062e-08
1.208294619969489025e-08
1.209032924883431157e-08
1.209771194382252439e-08
1.210509465825906201e-08
1.211247765219029031e-08
1.211986127173738165e-08
1.212724578625394957e-08
1.213463157131252022e-08
1.214201886988613233e-08
1.214940806337720987e-08
1.215679940991685149e-08
1.216419328676455368e-08
1.217158995961305357e-08
1.217898980202025245e-08
1.218639307795339366e-08
1.219380016573073676e-08
1.220121132019131403e-08
1.220862693220199949e-08
1.221604724976470948e-08
1.222347266940627155e-08
1.223090343363060717e-08
1.223833993469167625e-08
1.224578241083463274e-08
1.225323124990555818e-08
1.226068669438696987e-08
1.226814913944599575e-08
1.227561880689425374e-08
1.228309608515826296e-08
1.229058122062761421e-08
1.229807457822863205e-08
1.230557640283295640e-08
1.231308705544253701e-08
1.232060676134009810e-08
1.232813589199742289e-08
1.233567466243090509e-08
1.234322344329649788e-08
1.235078244096250109e-08
1.235835200680654361e-08
1.236593236350079905e-08
1.237352384069034533e-08
1.238112664690791119e-08
1.238874112294632552e-08
1.239636746839221149e-08
1.240400599628262388e-08
1.241165691430621481e-08
1.241932052704566919e-08
1.242699701568712470e-08
1.243468669086374172e-08
1.244238972689659486e-08
1.245010643026978925e-08
1.245783694790630653e-08
1.246558158079204683e-08
1.247334046549075237e-08
1.248111389560363692e-08
1.248890199389114087e-08
1.249670504631739236e-08
1.250452316199135395e-08
1.251235661752358734e-08
1.252020551650805997e-08
1.252807011753714444e-08
1.253595051397609458e-08
1.254384694913336424e-08
1.255175950518602202e-08
1.255968842032287927e-08
1.256763375550486414e-08
1.257559573099609843e-08
1.258357441653104775e-08
1.259157000843136076e-08
1.259958256377301920e-08
1.260761225199614641e-08
1.261565913603264009e-08
1.262372338096258933e-08
1.263180501150728762e-08
1.263990419050245970e-08
1.264802092802882667e-08
1.265615536964387198e-08
1.266430752635337927e-08
1.267247752032958078e-08
1.268066534747772901e-08
1.268887111938584680e-08
1.269709482714548847e-08
1.270533654314355204e-08
1.271359626669421875e-08
1.272187405977363533e-08
1.273016989520092480e-08
1.273848383559336505e-08
1.274681582886657424e-08
1.275516594765151995e-08
1.276353411178127511e-08
1.277192036678838036e-08
1.278032463684241623e-08
1.278874695018822409e-08
1.279718721491221570e-08
1.280564544462119947e-08
1.281412154147285447e-08
1.282261551317200250e-08
1.283112723617565228e-08
1.283965670824430824e-08
1.284820379629013706e-08
1.285676849516228174e-08
1.286535065168376071e-08
1.287395024532512411e-08
1.288256711595764372e-08
1.289120123859644826e-08
1.289985243338192808e-08
1.290852066882100116e-08
1.291720575761417375e-08
1.292590765950464496e-08
1.293462616926447444e-08
1.294336125504792164e-08
1.295211268771015938e-08
1.296088041991956395e-08
1.296966422147278334e-08
1.297846400993889053e-08
1.298727956406672218e-08
1.299611080460998835e-08
1.300495750223065399e-08
1.301381957233731710e-08
1.302269676308514231e-08
1.303158898295058187e-08
1.304049598169430338e-08
1.304941765297720819e-08
1.305835374205490835e-08
1.306730414006428433e-08
1.307626858683122709e-08
1.308524696026757905e-08
1.309423899438917409e-08
1.310324456544671382e-08
1.311226338621559242e-08
1.312129534452821796e-08
1.313034015559318770e-08
1.313939769367157576e-08
1.314846766331987833e-08
1.315754993115330755e-08
1.316664419298846685e-08
1.317575033389326384e-08
1.318486800962452392e-08
1.319399711996732071e-08
1.320313732967288922e-08
1.321228850545761735e-08
1.322145033414947761e-08
1.323062266839976003e-08
1.323980518589376034e-08
1.324899774454495909e-08
1.325820001924444585e-08
1.326741185831481658e-08
1.327663293282881243e-08
1.328586309373518387e-08
1.329510200791596662e-08
1.330434951704416087e-08
1.331360527605060090e-08
1.332286913685426875e-08
1.333214075434541557e-08
1.334141996763844784e-08
1.335070643623058258e-08
1.335999998439626033e-08
1.336930028093421008e-08
1.337860714765003603e-08
1.338792024928478066e-08
1.339723938728129340e-08
1.340656424022323944e-08
1.341589461352828446e-08
1.342523016743147899e-08
1.343457071361896266e-08
1.344391589703850726e-08
1.345326553763475086e-08
1.346261927800614160e-08
1.347197692592787609e-08
1.348133813722377474e-08
1.349070270457926627e-08
1.350007027853224214e-08
1.350944065148599795e-08
1.351881347200921584e-08
1.352818853693986880e-08
1.353756548504370168e-08
1.354694410609000396e-08
1.355632405706952457e-08
1.356570511261471359e-08
1.357508692638434214e-08
1.358446927126887912e-08
1.359385179789572191e-08
1.360323427497557428e-08
1.361261635944573605e-08
1.362199781330286464e-08
1.363137830010837183e-08
1.364075758476596853e-08
1.365013532099241450e-08
1.365951126943084161e-08
1.366888508819080357e-08
1.367825653896163704e-08
1.368762527052573949e-08
1.369699106912467859e-08
1.370635355634629326e-08
1.371571253492689689e-08
1.372506762273413321e-08
1.373441862304077701e-08
1.374376515755201764e-08
1.375310702988658329e-08
1.376244386245200251e-08
1.377177545769892852e-08
1.378110144685692993e-08
1.379042162993073319e-08
1.379973564063110135e-08
1.380904329208350303e-08
1.381834422181243736e-08
1.382763824194191200e-08
1.383692498694964030e-08
1.384620427197006444e-08
1.385547573637456277e-08
1.386473920480224501e-08
1.387399432784240860e-08
1.388324093057209086e-08
1.389247867743476268e-08
1.390170738378100688e-08
1.391092672108350809e-08
1.392013651203458662e-08
1.392933644299955135e-08
1.393852633911400403e-08
1.394770589197059827e-08
1.395687493887819719e-08
1.396603317110171551e-08
1.397518044744411268e-08
1.398431646097521317e-08
1.399344107685933446e-08
1.400255399792846164e-08
1.401165509646234464e-08
1.402074407524233680e-08
1.402982082751658132e-08
1.403888507314732241e-08
1.404793670633931614e-08
1.405697545944546890e-08
1.406600123032894814e-08
1.407501376741341968e-08
1.408401298358499921e-08
1.409299863070222002e-08
1.410197063037442782e-08
1.411092875383608422e-08
1.411987293194941860e-08
1.412880294953104273e-08
1.413771874908421291e-08
1.414662012783452559e-08
1.415550703920942100e-08
1.416437929044182094e-08
1.417323685069466709e-08
1.418207955067413789e-08
1.419090736152795519e-08
1.419972012806909514e-08
1.420851784280694265e-08
1.421730036105372849e-08
1.422606768747886239e-08
1.423481968363169562e-08
1.424355637735730640e-08
1.425227764691104372e-08
1.426098353530692644e-08
1.426967392220621280e-08
1.427834888004674852e-08
1.428700830300799778e-08
1.429565226185107975e-08
1.430428068573699125e-08
1.431289365230444134e-08
1.432149110412808360e-08
1.433007314581033939e-08
1.433863971703162186e-08
1.434719094302862918e-08
1.435572679231779522e-08
1.436424738755901489e-08
1.437275271685590235e-08
1.438124292537915474e-08
1.438971800672974087e-08
1.439817812549708615e-08
1.440662328820163698e-08
1.441505368117077286e-08
1.442346932540761043e-08
1.443187042142380234e-08
1.444025701081720280e-08
1.444862928869109123e-08
1.445698732333040346e-08
1.446533133686452216e-08
1.447366140368638403e-08
1.448197775910064666e-08
1.449028048588923624e-08
1.449856984464934319e-08
1.450684592602643824e-08
1.451510900702451168e-08
1.452335919536482306e-08
1.453159677877668081e-08
1.453982188064889635e-08
1.454803479324151433e-08
1.455623565553847344e-08
1.456442477826477095e-08
1.457260232089128495e-08
1.458076860075203194e-08
1.458892378150180927e-08
1.459706821117822616e-08
1.460520204997619355e-08
1.461332566006995315e-08
1.462143921760889522e-08
1.462954309381956876e-08
1.463763748407359224e-08
1.464572276441179019e-08
1.465379913698291651e-08
1.466186697851115115e-08
1.466992652282627043e-08
1.467797815179911581e-08
1.468602209793050036e-08
1.469405875644315013e-08
1.470208837317937169e-08
1.471011136126872347e-08
1.471812796935158447e-08
1.472613861007377788e-08
1.473414354514899604e-08
1.474214319802996340e-08
1.475013784094253260e-08
1.475812789199931715e-08
1.476611363166752233e-08
1.477409549261543886e-08
1.478207375679723836e-08
1.479004886512313166e-08
1.479802111098005303e-08
1.480599092758888460e-08
1.481395862236462901e-08
1.482192462797979559e-08
1.482988925463483993e-08
1.483785294822437628e-08
1.484581601015439505e-08
1.485377889199748669e-08
1.486174189981965456e-08
1.486970548914081319e-08
1.487766996142392918e-08
1.488563578889560962e-08
1.489360325725006368e-08
1.490157284068543711e-08
1.490954484267277839e-08
1.491751972114504171e-08
1.492549778521412621e-08
1.493347949071880963e-08
1.494146515108835111e-08
1.494945521814565256e-08
1.495744999335455078e-08
1.496544993869554692e-08
1.497345534850340846e-08
1.498146668760792303e-08
1.498948424427453614e-08
1.499750847682791176e-08
1.500553967418221344e-08
1.501357828981458850e-08
1.502162460904266225e-08
1.502967906722055438e-08
1.503774195855349258e-08
1.504581371205495937e-08
1.505389461660812224e-08
1.506198509360511601e-08
1.507008542033567556e-08
1.507819602239365923e-08
1.508631716147592786e-08
1.509444926087711186e-08
1.510259257645099396e-08
1.511074751242949318e-08
1.511891432863427840e-08
1.512709341667870116e-08
1.513528501926966642e-08
1.514348952812072378e-08
1.515170717402669247e-08
1.515993833541937085e-08
1.516818323074973392e-08
1.517644222689133239e-08
1.518471553575302276e-08
1.519300352574128685e-08
1.520130638531385820e-08
1.520962447077623798e-08
1.521795795147392998e-08
1.522630717215695382e-08
1.523467231194651649e-08
1.524305370253894667e-08
1.525145149231885911e-08
1.525986600672207262e-08
1.526829737988497289e-08
1.527674591990712894e-08
1.528521175108790932e-08
1.529369516605067789e-08
1.530219628209832760e-08
1.531071536345687034e-08
1.531925252229628199e-08
1.532780801376654030e-08
1.533638192691013429e-08
1.534497450191438999e-08
1.535358580983259671e-08
1.536221608890554914e-08
1.537086538516659283e-08
1.537953392034784705e-08
1.538822173224694275e-08
1.539692903473717126e-08
1.540565584445545741e-08
1.541440233523710243e-08
1.542316853879589667e-08
1.543195462258620722e-08
1.544076057498840967e-08
1.544958655561182730e-08
1.545843254046842420e-08
1.546729866928185027e-08
1.547618490955293696e-08
1.548509138270450576e-08
1.549401804298156732e-08
1.550296499422298914e-08
1.551193217050590424e-08
1.552091966468671967e-08
1.552992740542149802e-08
1.553895545896695307e-08
1.554800374307108689e-08
1.555707231629527261e-08
1.556616106999239071e-08
1.557527005671198476e-08
1.558439916828585295e-08
1.559354843380748591e-08
1.560271772364268323e-08
1.561190706255331821e-08
1.562111630508188706e-08
1.563034547232940987e-08
1.563959440404279843e-08
1.564886309420356270e-08
1.565815138046528175e-08
1.566745924575553999e-08
1.567678651956695917e-08
1.568613317754764977e-08
1.569549903476283385e-08
1.570488405808303452e-08
1.571428805710485707e-08
1.572371098292682299e-08
1.573315264489174201e-08
1.574261298937273402e-08
1.575209180828050527e-08
1.576158905436535765e-08
1.577110450889711625e-08
1.578063811062016819e-08
1.579018965193662124e-08
1.579975905624643387e-08
1.580934610517382841e-08
1.581895073818382513e-08
1.582857271812159172e-08
1.583821198888209768e-08
1.584786831496685718e-08
1.585754163056367007e-08
1.586723170050840355e-08
1.587693844831345307e-08
1.588666165834389071e-08
1.589640125190068425e-08
1.590615699209442052e-08
1.591592881883662194e-08
1.592571650747801425e-08
1.593551998172212129e-08
1.594533902834546826e-08
1.595517354142821964e-08
1.596502332908490135e-08
1.597488832228653690e-08
1.598476829619861982e-08
1.599466319806736244e-08
1.600457277983010026e-08
1.601449701105452436e-08
1.602443558045324730e-08
1.603438851770335548e-08
1.604435557410561597e-08
1.605433675143597893e-08
1.606433169064982396e-08
1.607434048620091997e-08
1.608436280610975467e-08
1.609439866259348460e-08
1.610444781483487907e-08
1.611451019521976137e-08
1.612458560939815882e-08
1.613467393306595487e-08
1.614477500469366207e-08
1.615488875933098924e-08
1.616501496104361900e-08
1.617515356924076969e-08
1.618530435661024437e-08
1.619546718722701163e-08
1.620564189205362955e-08
1.621582839044107038e-08
1.622602648583225828e-08
1.623623606045058057e-08
1.624645685796418054e-08
1.625668883069456618e-08
1.626693169926723287e-08
1.627718540066645311e-08
1.628744967298300893e-08
1.629772435079757622e-08
1.630800926522923879e-08
1.631830419923717599e-08
1.632860898129006916e-08
1.633892339984107908e-08
1.634924723813468299e-08
1.635958031662448650e-08
1.636992240211549333e-08
1.638027327162177364e-08
1.639063268383701462e-08
1.640100039608518499e-08
1.641137619517125839e-08
1.642175982044125018e-08
1.643215102163149067e-08
1.644254961509259759e-08
1.645295523721878729e-08
1.646336768339552347e-08
1.647378662839294205e-08
1.648421182142972041e-08
1.649464293246599875e-08
1.650507977308069755e-08
1.651552192306285287e-08
1.652596916733720054e-08
1.653642118060658038e-08
1.654687762977745308e-08
1.655733823408711305e-08
1.656780264855598814e-08
1.657827057402628543e-08
1.658874164395239491e-08
1.659921554236400493e-08
1.660969189986406170e-08
1.662017042997574226e-08
1.663065076550270356e-08
1.664113258232778831e-08
1.665161545812556373e-08
1.666209910236351382e-08
1.667258314948670641e-08
1.668306727852513515e-08
1.669355106695584974e-08
1.670403426311298362e-08
1.671451636798618046e-08
1.672499709406981310e-08
1.673547606545786922e-08
1.674595289794474378e-08
1.675642723271657991e-08
1.676689872421300556e-08
1.677736697504072149e-08
1.678783166003162092e-08
1.679829238703862558e-08
1.680874877374225111e-08
1.681920047759555104e-08
1.682964715863825542e-08
1.684008843810375626e-08
1.685052396138278883e-08
1.686095338218391888e-08
1.687137633565013627e-08
1.688179251576566568e-08
1.689220149776103354e-08
1.690260300734710263e-08
1.691299671950956553e-08
1.692338224804539768e-08
1.693375928494804817e-08
1.694412747306227638e-08
1.695448649125475412e-08
1.696483608049799191e-08
1.697517582290114832e-08
1.698550552663458398e-08
1.699582481087503535e-08
1.700613345509211780e-08
1.701643112688729248e-08
1.702671760826998981e-08
1.703699256479833633e-08
1.704725578409392152e-08
1.705750693682732124e-08
1.706774582271372059e-08
1.707797212722475909e-08
1.708818566848446352e-08
1.709838613626693421e-08
1.710857336047472047e-08
1.711874710687701724e-08
1.712890716438457828e-08
1.713905330223163826e-08
1.714918538927966956e-08
1.715930314927379317e-08
1.716940647892656999e-08
1.717949512432634801e-08
1.718956900788195126e-08
1.719962789466970835e-08
1.720967171499439179e-08
1.721970025393195266e-08
1.722971345987449329e-08
1.723971115282948768e-08
1.724969328390978740e-08
1.725965968202898445e-08
1.726961032516775263e-08
1.727954505154449637e-08
1.728946386511770835e-08
1.729936662366028645e-08
1.730925334581535304e-08
1.731912390763223262e-08
1.732897834934879188e-08
1.733881656585213314e-08
1.734863860398594777e-08
1.735844439096023116e-08
1.736823399080375227e-08
1.737800734436929557e-08
1.738776454238853561e-08
1.739750554167597733e-08
1.740723045365980749e-08
1.741693924948836336e-08
1.742663205513741081e-08
1.743630887231378741e-08
1.744596984317955571e-08
1.745561498022232725e-08
1.746524445101227441e-08
1.747485828172176566e-08
1.748445666560190062e-08
1.749403964031298173e-08
1.750360741399127999e-08
1.751316005797979312e-08
1.752269778066778697e-08
1.753222068163426467e-08
1.754172898500694656e-08
1.755122280085521642e-08
1.756070237986251164e-08
1.757016784512399783e-08
1.757961946626065482e-08
1.758905737818534272e-08
1.759848187045395183e-08
1.760789309435486149e-08
1.761729136533446702e-08
1.762667684250613077e-08
1.763604985270120137e-08
1.764541057322670008e-08
1.765475934410755259e-08
1.766409636509658086e-08
1.767342197903857593e-08
1.768273640008938739e-08
1.769203998343482485e-08
1.770133296343871396e-08
1.771061571601421715e-08
1.771988846995079321e-08
1.772915162576017923e-08
1.773840542324602839e-08
1.774765027229242455e-08
1.775688642509079174e-08
1.776611431180471448e-08
1.777533418875404548e-08
1.778454649043889670e-08
1.779375148631501037e-08
1.780294962442962579e-08
1.781214117871035259e-08
1.782132660830996838e-08
1.783050620485155399e-08
1.783968042184620423e-08
1.784884956169470670e-08
1.785801409025673521e-08
1.786717431367762475e-08
1.787633070628133686e-08
1.788548358038775908e-08
1.789463341482325330e-08
1.790378052733071635e-08
1.791292539665448360e-08
1.792206835067701199e-08
1.793120987501505853e-08
1.794035029752152998e-08
1.794949010822540445e-08
1.795862963698702367e-08
1.796776937094708930e-08
1.797690964126313102e-08
1.798605094512756399e-08
1.799519360246738266e-08
1.800433812092127757e-08
1.801348483330064992e-08
1.802263422067625078e-08
1.803178662644559986e-08
1.804094254764012975e-08
1.805010231032302282e-08
1.805926642106852710e-08
1.806843519262134031e-08
1.807760911332033519e-08
1.808678849703557544e-08
1.809597386227664852e-08
1.810516547479983061e-08
1.811436386458724105e-08
1.812356930957732945e-08
1.813278231354232577e-08
1.814200313985811861e-08
1.815123228583019541e-08
1.816047000348091772e-08
1.816971681000527457e-08
1.817897299669854502e-08
1.818823900389858550e-08
1.819751509160820422e-08
1.820680169444912856e-08
1.821609913988754178e-08
1.822540781563501427e-08
1.823472801551855364e-08
1.824406014083273076e-08
1.825340443951511395e-08
1.826276129727573144e-08
1.827213097341519448e-08
1.828151388421067398e-08
1.829091024746909548e-08
1.830032043709252698e-08
1.830974464032107562e-08
1.831918328490821942e-08
1.832863650129734989e-08
1.833810469705633596e-08
1.834758803537280488e-08
1.835708687038371446e-08
1.836660137316737625e-08
1.837613198188459334e-08
1.838567870226641712e-08
1.839524196009197783e-08
1.840482175178268039e-08
1.841441846770250936e-08
1.842403206283002248e-08
1.843366298503580966e-08
1.844331119762172178e-08
1.845297713261184464e-08
1.846266073609711703e-08
1.847236237988634698e-08
1.848208199176855300e-08
1.849181991154754218e-08
1.850157609134953512e-08
1.851135083447319419e-08
1.852114409014676896e-08
1.853095610196433876e-08
1.854078683985514870e-08
1.855063646408231903e-08
1.856050500419763483e-08
1.857039262958272124e-08
1.858029931141450290e-08
1.859022517334558908e-08
1.860017021576262715e-08
1.861013447561051089e-08
1.862011800576594041e-08
1.863012076451541503e-08
1.864014283181135731e-08
1.865018422224309585e-08
1.866024486709983079e-08
1.867032478321224909e-08
1.868042393677513016e-08
1.869054234046631391e-08
1.870067985511456148e-08
1.871083653484458006e-08
1.872101224117646518e-08
1.873120703847758063e-08
1.874142076864471038e-08
1.875165345637250776e-08
1.876190487283745397e-08
1.877217512210843228e-08
1.878246398208325276e-08
1.879277149146718519e-08
1.880309742045927117e-08
1.881344182620572998e-08
1.882380447655742605e-08
1.883418537552957349e-08
1.884458432894159297e-08
1.885500132310141529e-08
1.886543612820464757e-08
1.887588876532448023e-08
1.888635898575541694e-08
1.889684682535386121e-08
1.890735202507348040e-08
1.891787463280671511e-08
1.892841432424274192e-08
1.893897125859784431e-08
1.894954503120016893e-08
1.896013580388512438e-08
1.897074317227646850e-08
1.898136732301866230e-08
1.899200788664856687e-08
1.900266501559683513e-08
1.901333835208856561e-08
1.902402804263973234e-08
1.903473373651278542e-08
1.904545562773848850e-08
1.905619331826651609e-08
1.906694702875824847e-08
1.907771633388955766e-08
1.908850141745073783e-08
1.909930199335012778e-08
1.911011813627934094e-08
1.912094956449108194e-08
1.913179645635144776e-08
1.914265843952759159e-08
1.915353572595539557e-08
1.916442795603768924e-08
1.917533531230056348e-08
1.918625742942066359e-08
1.919719447678086872e-08
1.920814613614274127e-08
1.921911261325505753e-08
1.923009350059127780e-08
1.924108897081848606e-08
1.925209867367504911e-08
1.926312276513837840e-08
1.927416085472496838e-08
1.928521307765931782e-08
1.929627907510189086e-08
1.930735902302625390e-08
1.931845240786957131e-08
1.932955946175629228e-08
1.934067970078424638e-08
1.935181326634862034e-08
1.936295967303609063e-08
1.937411907256814174e-08
1.938529100856034458e-08
1.939647552718435924e-08
1.940767216979033390e-08
1.941888092550731539e-08
1.943010137977736153e-08
1.944133347745698303e-08
1.945257675636695687e-08
1.946383122846666035e-08
1.947509624906846469e-08
1.948637190102747514e-08
1.949765754767034455e-08
1.950895318149150408e-08
1.952025820128168825e-08
1.953157250448766014e-08
1.954289553691113801e-08
1.955422714594423722e-08
1.956556673548060922e-08
1.957691410864536548e-08
1.958826866399493665e-08
1.959963025531605710e-08
1.961099821879646393e-08
1.962237231916721724e-08
1.963375190552970667e-08
1.964513680200574638e-08
1.965652624262910667e-08
1.966792002704257452e-08
1.967931748461216158e-08
1.969071828587463568e-08
1.970212180779064752e-08
1.971352763138895852e-08
1.972493516450154944e-08
1.973634405148880615e-08
1.974775360630569385e-08
1.975916344361868384e-08
1.977057288834012826e-08
1.978198158616641885e-08
1.979338890214043953e-08
1.980479434440755839e-08
1.981619731444068943e-08
1.982759734643974231e-08
1.983899381467457897e-08
1.985038625514462726e-08
1.986177398439548279e-08
1.987315664483777076e-08
1.988453343098544380e-08
1.989590403580745505e-08
1.990726773402547081e-08
1.991862415877998257e-08
1.992997262516045691e-08
1.994131269960090366e-08
1.995264370721939479e-08
1.996396529697847779e-08
1.997527677044995275e-08
1.998657775316557633e-08
1.999786759501031977e-08
2.000914591812804947e-08
2.002041201720184842e-08
2.003166557009536573e-08
2.004290593545666119e-08
2.005413278942997653e-08
2.006534542763458119e-08
2.007654363728201801e-08
2.008772670108232763e-08
2.009889441165224143e-08
2.011004605747133852e-08
2.012118145970195616e-08
2.013229994992765813e-08
2.014340129023863448e-08
2.015448489234316004e-08
2.016555055577630963e-08
2.017659769099345740e-08
2.018762611935420334e-08
2.019863522908175187e-08
2.020962490976482232e-08
2.022059460711242252e-08
2.023154410850539601e-08
2.024247299406413085e-08
2.025338107064137498e-08
2.026426790357453830e-08
2.027513336459026152e-08
2.028597709177481852e-08
2.029679889481867311e-08
2.030759841131604912e-08
2.031837549542915804e-08
2.032912980367941643e-08
2.033986121486685850e-08
2.035056947194890730e-08
2.036125447230829551e-08
2.037191596883803017e-08
2.038255388931114865e-08
2.039316801083702554e-08
2.040375833653341707e-08
2.041432463270487939e-08
2.042486690684233696e-08
2.043538497602619917e-08
2.044587887729396434e-08
2.045634846531773793e-08
2.046679384881647845e-08
2.047721477909345104e-08
2.048761145792989990e-08
2.049798375091864025e-08
2.050833179506388303e-08
2.051865546230582716e-08
2.052895497461006857e-08
2.053923029365195966e-08
2.054948154807689579e-08
2.055970880699205510e-08
2.056991217418720698e-08
2.058009179170718263e-08
2.059024784652020155e-08
2.060038040167365901e-08
2.061048973938249862e-08
2.062057608848741143e-08
2.063063956034784218e-08
2.064068042478917693e-08
2.065069888037437472e-08
2.066069515525172681e-08
2.067066957822382269e-08
2.068062234372824339e-08
2.069055381133768472e-08
2.070046422262136397e-08
2.071035396975358356e-08
2.072022332755601627e-08
2.073007268409323015e-08
2.073990237862757642e-08
2.074971286457083196e-08
2.075950443456219949e-08
2.076927757224841607e-08
2.077903262528630330e-08
2.078877010657108597e-08
2.079849024870774896e-08
2.080819370007509210e-08
2.081788078699548654e-08
2.082755219671461974e-08
2.083720824651836797e-08
2.084684957162009793e-08
1.000000000000000016e+100
1.000000000000000016e+100
1.000000000000000016e+100
1.000000000000000016e+100
1.000000000000000016e+100
1.000000000000000016e+100
1.000000000000000016e+100
1.000000000000000016e+100
1.000000000000000016e+100
1.000000000000000016e+100
1.000000000000000016e+100
1.000000000000000016e+100
1.000000000000000016e+100
1.000000000000000016e+100
1.000000000000000016e+100
1.000000000000000016e+100
1.000000000000000016e+100
1.000000000000000016e+100
1.000000000000000016e+100
1.000000000000000016e+100
1.000000000000000016e+100
1.000000000000000016e+100
1.000000000000000016e+100
1.000000000000000016e+100
1.000000000000000016e+100
1.000000000000000016e+100
1.000000000000000016e+100
1.000000000000000016e+100
1.000000000000000016e+100
1.000000000000000016e+100
1.000000000000000016e+100
1.000000000000000016e+100
1.000000000000000016e+100
1.000000000000000016e+100
1.000000000000000016e+100
1.000000000000000016e+100
1.000000000000000016e+100
1.000000000000000016e+100
1.000000000000000016e+100
1.000000000000000016e+100
1.000000000000000016e+100
1.000000000000000016e+100
1.000000000000000016e+100
1.000000000000000016e+100
1.000000000000000016e+100
1.000000000000000016e+100
1.000000000000000016e+100
1.000000000000000016e+100
1.000000000000000016e+100
1.000000000000000016e+100
1.000000000000000016e+100
1.000000000000000016e+100
1.000000000000000016e+100
1.000000000000000016e+100
1.000000000000000016e+100
1.000000000000000016e+100
1.000000000000000016e+100
1.000000000000000016e+100
1.000000000000000016e+100
1.000000000000000016e+100
1.000000000000000016e+100
1.000000000000000016e+100
1.000000000000000016e+100
1.000000000000000016e+100
1.000000000000000016e+100
1.000000000000000016e+100
1.000000000000000016e+100
1.000000000000000016e+100
1.000000000000000016e+100
1.000000000000000016e+100
1.000000000000000016e+100
1.000000000000000016e+100
1.000000000000000016e+100
1.000000000000000016e+100
1.000000000000000016e+100
1.000000000000000016e+100
1.000000000000000016e+100
1.000000000000000016e+100
1.000000000000000016e+100
1.000000000000000016e+100
1.000000000000000016e+100
1.000000000000000016e+100
1.000000000000000016e+100
1.000000000000000016e+100
1.000000000000000016e+100
1.000000000000000016e+100
1.000000000000000016e+100
1.000000000000000016e+100
1.000000000000000016e+100
1.000000000000000016e+100
1.000000000000000016e+100
1.000000000000000016e+100
1.000000000000000016e+100
1.000000000000000016e+100
1.000000000000000016e+100
1.000000000000000016e+100
1.000000000000000016e+100
1.000000000000000016e+100
1.000000000000000016e+100
1.000000000000000016e+100
1.000000000000000016e+100
1.000000000000000016e+100
1.000000000000000016e+100
1.000000000000000016e+100
1.000000000000000016e+100
1.000000000000000016e+100
1.000000000000000016e+100
1.000000000000000016e+100
1.000000000000000016e+100
1.000000000000000016e+100
1.000000000000000016e+100
1.000000000000000016e+100
1.000000000000000016e+100
1.000000000000000016e+100
1.000000000000000016e+100
1.000000000000000016e+100
1.000000000000000016e+100
1.000000000000000016e+100
1.000000000000000016e+100
1.000000000000000016e+100
1.000000000000000016e+100
1.000000000000000016e+100
1.000000000000000016e+100
1.000000000000000016e+100
1.000000000000000016e+100
1.000000000000000016e+100
1.000000000000000016e+100
1.000000000000000016e+100
1.000000000000000016e+100
1.000000000000000016e+100
1.000000000000000016e+100
1.000000000000000016e+100
1.000000000000000016e+100
1.000000000000000016e+100
1.000000000000000016e+100
1.000000000000000016e+100
1.000000000000000016e+100
1.000000000000000016e+100
1.000000000000000016e+100
1.000000000000000016e+100
1.000000000000000016e+100
1.000000000000000016e+100
1.000000000000000016e+100
1.000000000000000016e+100
1.000000000000000016e+100
1.000000000000000016e+100
1.000000000000000016e+100
1.000000000000000016e+100
1.000000000000000016e+100
1.000000000000000016e+100
1.000000000000000016e+100
1.000000000000000016e+100
1.000000000000000016e+100
1.000000000000000016e+100
1.000000000000000016e+100
1.000000000000000016e+100
1.000000000000000016e+100
1.000000000000000016e+100
1.000000000000000016e+100
1.000000000000000016e+100
1.000000000000000016e+100
1.000000000000000016e+100
1.000000000000000016e+100
1.000000000000000016e+100
1.000000000000000016e+100
1.000000000000000016e+100
1.000000000000000016e+100
1.000000000000000016e+100
1.000000000000000016e+100
1.000000000000000016e+100
1.000000000000000016e+100
1.000000000000000016e+100
1.000000000000000016e+100
1.000000000000000016e+100
1.000000000000000016e+100
1.000000000000000016e+100
1.000000000000000016e+100
1.000000000000000016e+100
1.000000000000000016e+100
1.000000000000000016e+100
1.000000000000000016e+100
1.000000000000000016e+100
1.000000000000000016e+100
1.000000000000000016e+100
1.000000000000000016e+100
1.000000000000000016e+100
1.000000000000000016e+100
1.000000000000000016e+100
1.000000000000000016e+100
1.000000000000000016e+100
1.000000000000000016e+100
1.000000000000000016e+100
1.000000000000000016e+100
1.000000000000000016e+100
1.000000000000000016e+100
1.000000000000000016e+100
1.000000000000000016e+100
1.000000000000000016e+100
1.000000000000000016e+100
1.000000000000000016e+100
1.000000000000000016e+100
1.000000000000000016e+100
1.000000000000000016e+100
1.000000000000000016e+100
1.000000000000000016e+100
1.000000000000000016e+100
1.000000000000000016e+100
1.000000000000000016e+100
1.000000000000000016e+100
1.000000000000000016e+100
1.000000000000000016e+100
1.000000000000000016e+100
1.000000000000000016e+100
1.000000000000000016e+100
1.000000000000000016e+100
1.000000000000000016e+100
1.000000000000000016e+100
1.000000000000000016e+100
1.000000000000000016e+100
1.000000000000000016e+100
1.000000000000000016e+100
1.000000000000000016e+100
1.000000000000000016e+100
1.000000000000000016e+100
1.000000000000000016e+100
1.000000000000000016e+100
1.000000000000000016e+100
1.000000000000000016e+100
1.000000000000000016e+100
1.000000000000000016e+100
1.000000000000000016e+100
1.000000000000000016e+100
1.000000000000000016e+100
1.000000000000000016e+100
1.000000000000000016e+100
1.000000000000000016e+100
1.000000000000000016e+100
1.000000000000000016e+100
1.000000000000000016e+100
1.000000000000000016e+100
1.000000000000000016e+100
1.000000000000000016e+100
1.000000000000000016e+100
1.000000000000000016e+100
1.000000000000000016e+100
1.000000000000000016e+100
1.000000000000000016e+100
1.000000000000000016e+100
1.000000000000000016e+100
1.000000000000000016e+100
1.000000000000000016e+100
1.000000000000000016e+100
1.000000000000000016e+100
1.000000000000000016e+100
1.000000000000000016e+100
1.000000000000000016e+100
1.000000000000000016e+100
1.000000000000000016e+100
1.000000000000000016e+100
1.000000000000000016e+100
1.000000000000000016e+100
1.000000000000000016e+100
1.000000000000000016e+100
1.000000000000000016e+100
1.000000000000000016e+100
1.000000000000000016e+100
1.000000000000000016e+100
1.000000000000000016e+100
1.000000000000000016e+100
1.000000000000000016e+100
1.000000000000000016e+100
1.000000000000000016e+100
1.000000000000000016e+100
1.000000000000000016e+100
1.000000000000000016e+100
1.000000000000000016e+100
1.000000000000000016e+100
1.000000000000000016e+100
1.000000000000000016e+100
1.000000000000000016e+100
1.000000000000000016e+100
1.000000000000000016e+100
1.000000000000000016e+100
1.000000000000000016e+100
1.000000000000000016e+100
1.000000000000000016e+100
1.000000000000000016e+100
1.000000000000000016e+100
1.000000000000000016e+100
1.000000000000000016e+100
1.000000000000000016e+100
1.000000000000000016e+100
1.000000000000000016e+100
1.000000000000000016e+100
1.000000000000000016e+100
1.000000000000000016e+100
1.000000000000000016e+100
1.000000000000000016e+100
1.000000000000000016e+100
1.000000000000000016e+100
1.000000000000000016e+100
1.000000000000000016e+100
1.000000000000000016e+100
1.000000000000000016e+100
1.000000000000000016e+100
1.000000000000000016e+100
1.000000000000000016e+100
1.000000000000000016e+100
1.000000000000000016e+100
1.000000000000000016e+100
1.000000000000000016e+100
1.000000000000000016e+100
1.000000000000000016e+100
1.000000000000000016e+100
1.000000000000000016e+100
1.000000000000000016e+100
1.000000000000000016e+100
1.000000000000000016e+100
1.000000000000000016e+100
1.000000000000000016e+100
1.000000000000000016e+100
1.000000000000000016e+100
1.000000000000000016e+100
1.000000000000000016e+100
1.000000000000000016e+100
1.000000000000000016e+100
1.000000000000000016e+100
1.000000000000000016e+100
1.000000000000000016e+100
1.000000000000000016e+100
1.000000000000000016e+100
1.000000000000000016e+100
1.000000000000000016e+100
1.000000000000000016e+100
1.000000000000000016e+100
1.000000000000000016e+100
1.000000000000000016e+100
1.000000000000000016e+100
1.000000000000000016e+100
1.000000000000000016e+100
1.000000000000000016e+100
1.000000000000000016e+100
1.000000000000000016e+100
1.000000000000000016e+100
1.000000000000000016e+100
1.000000000000000016e+100
1.000000000000000016e+100
1.000000000000000016e+100
1.000000000000000016e+100
1.000000000000000016e+100
1.000000000000000016e+100
1.000000000000000016e+100
1.000000000000000016e+100
1.000000000000000016e+100
1.000000000000000016e+100
1.000000000000000016e+100
1.000000000000000016e+100
1.000000000000000016e+100
1.000000000000000016e+100
1.000000000000000016e+100
1.000000000000000016e+100
1.000000000000000016e+100
1.000000000000000016e+100
1.000000000000000016e+100
1.000000000000000016e+100
1.000000000000000016e+100
1.000000000000000016e+100
1.000000000000000016e+100
1.000000000000000016e+100
1.000000000000000016e+100
1.000000000000000016e+100
1.000000000000000016e+100
1.000000000000000016e+100
1.000000000000000016e+100
1.000000000000000016e+100
1.000000000000000016e+100
1.000000000000000016e+100
1.000000000000000016e+100
1.000000000000000016e+100
1.000000000000000016e+100
1.000000000000000016e+100
1.000000000000000016e+100
1.000000000000000016e+100
1.000000000000000016e+100
1.000000000000000016e+100
1.000000000000000016e+100
1.000000000000000016e+100
1.000000000000000016e+100
1.000000000000000016e+100
1.000000000000000016e+100
1.000000000000000016e+100
1.000000000000000016e+100
1.000000000000000016e+100
1.000000000000000016e+100
1.000000000000000016e+100
1.000000000000000016e+100
1.000000000000000016e+100
1.000000000000000016e+100
1.000000000000000016e+100
1.000000000000000016e+100
1.000000000000000016e+100
1.000000000000000016e+100
1.000000000000000016e+100
1.000000000000000016e+100
1.000000000000000016e+100
1.000000000000000016e+100
1.000000000000000016e+100
1.000000000000000016e+100
1.000000000000000016e+100
1.000000000000000016e+100
1.000000000000000016e+100
1.000000000000000016e+100
1.000000000000000016e+100
1.000000000000000016e+100
1.000000000000000016e+100
1.000000000000000016e+100
1.000000000000000016e+100
1.000000000000000016e+100
1.000000000000000016e+100
1.000000000000000016e+100
1.000000000000000016e+100
1.000000000000000016e+100
1.000000000000000016e+100
1.000000000000000016e+100
1.000000000000000016e+100
1.000000000000000016e+100
1.000000000000000016e+100
1.000000000000000016e+100
1.000000000000000016e+100
1.000000000000000016e+100
1.000000000000000016e+100
1.000000000000000016e+100
1.000000000000000016e+100
1.000000000000000016e+100
1.000000000000000016e+100
1.000000000000000016e+100
1.000000000000000016e+100
1.000000000000000016e+100
1.000000000000000016e+100
1.000000000000000016e+100
1.000000000000000016e+100
1.000000000000000016e+100
1.000000000000000016e+100
1.000000000000000016e+100
1.000000000000000016e+100
1.000000000000000016e+100
1.000000000000000016e+100
1.000000000000000016e+100
1.000000000000000016e+100
1.000000000000000016e+100
1.000000000000000016e+100
1.000000000000000016e+100
1.000000000000000016e+100
1.000000000000000016e+100
1.000000000000000016e+100
1.000000000000000016e+100
1.000000000000000016e+100
1.000000000000000016e+100
1.000000000000000016e+100
1.000000000000000016e+100
1.000000000000000016e+100
1.000000000000000016e+100
1.000000000000000016e+100
1.000000000000000016e+100
1.000000000000000016e+100
1.000000000000000016e+100
1.000000000000000016e+100
1.000000000000000016e+100
1.000000000000000016e+100
1.000000000000000016e+100
1.000000000000000016e+100
1.000000000000000016e+100
1.000000000000000016e+100
1.000000000000000016e+100
1.000000000000000016e+100
1.000000000000000016e+100
1.000000000000000016e+100
1.000000000000000016e+100
1.000000000000000016e+100
1.000000000000000016e+100
1.000000000000000016e+100
1.000000000000000016e+100
1.000000000000000016e+100
1.000000000000000016e+100
1.000000000000000016e+100
1.000000000000000016e+100
1.000000000000000016e+100
1.000000000000000016e+100
1.000000000000000016e+100
1.000000000000000016e+100
1.000000000000000016e+100
1.000000000000000016e+100
1.000000000000000016e+100
1.000000000000000016e+100
1.000000000000000016e+100
1.000000000000000016e+100
1.000000000000000016e+100
1.000000000000000016e+100
1.000000000000000016e+100
1.000000000000000016e+100
1.000000000000000016e+100
1.000000000000000016e+100
1.000000000000000016e+100
1.000000000000000016e+100
1.000000000000000016e+100
1.000000000000000016e+100
1.000000000000000016e+100
1.000000000000000016e+100
1.000000000000000016e+100
1.000000000000000016e+100
1.000000000000000016e+100
1.000000000000000016e+100
1.000000000000000016e+100
1.000000000000000016e+100
1.000000000000000016e+100
1.000000000000000016e+100
1.000000000000000016e+100
1.000000000000000016e+100
1.000000000000000016e+100
1.000000000000000016e+100
1.000000000000000016e+100
1.000000000000000016e+100
1.000000000000000016e+100
1.000000000000000016e+100
1.000000000000000016e+100
1.000000000000000016e+100
1.000000000000000016e+100
1.000000000000000016e+100
1.000000000000000016e+100
1.000000000000000016e+100
1.000000000000000016e+100
1.000000000000000016e+100
1.000000000000000016e+100
1.000000000000000016e+100
1.000000000000000016e+100
1.000000000000000016e+100
1.000000000000000016e+100
1.000000000000000016e+100
1.000000000000000016e+100
1.000000000000000016e+100
1.000000000000000016e+100
1.000000000000000016e+100
1.000000000000000016e+100
1.000000000000000016e+100
1.000000000000000016e+100
1.000000000000000016e+100
1.000000000000000016e+100
1.000000000000000016e+100
1.000000000000000016e+100
1.000000000000000016e+100
1.000000000000000016e+100
1.000000000000000016e+100
1.000000000000000016e+100
1.000000000000000016e+100
1.000000000000000016e+100
1.000000000000000016e+100
1.000000000000000016e+100
1.000000000000000016e+100
1.000000000000000016e+100
1.000000000000000016e+100
1.000000000000000016e+100
1.000000000000000016e+100
1.000000000000000016e+100
1.000000000000000016e+100
1.000000000000000016e+100
1.000000000000000016e+100
1.000000000000000016e+100
1.000000000000000016e+100
1.000000000000000016e+100
1.000000000000000016e+100
1.000000000000000016e+100
1.000000000000000016e+100
1.000000000000000016e+100
1.000000000000000016e+100
1.000000000000000016e+100
1.000000000000000016e+100
1.000000000000000016e+100
1.000000000000000016e+100
1.000000000000000016e+100
1.000000000000000016e+100
1.000000000000000016e+100
1.000000000000000016e+100
1.000000000000000016e+100
1.000000000000000016e+100
1.000000000000000016e+100
1.000000000000000016e+100
1.000000000000000016e+100
1.000000000000000016e+100
1.000000000000000016e+100
1.000000000000000016e+100
1.000000000000000016e+100
1.000000000000000016e+100
1.000000000000000016e+100
1.000000000000000016e+100
1.000000000000000016e+100
1.000000000000000016e+100
1.000000000000000016e+100
1.000000000000000016e+100
1.000000000000000016e+100
1.000000000000000016e+100
1.000000000000000016e+100
1.000000000000000016e+100
1.000000000000000016e+100
1.000000000000000016e+100
1.000000000000000016e+100
1.000000000000000016e+100
1.000000000000000016e+100
1.000000000000000016e+100
1.000000000000000016e+100
1.000000000000000016e+100
1.000000000000000016e+100
1.000000000000000016e+100
1.000000000000000016e+100
1.000000000000000016e+100
1.000000000000000016e+100
1.000000000000000016e+100
1.000000000000000016e+100
1.000000000000000016e+100
1.000000000000000016e+100
1.000000000000000016e+100
1.000000000000000016e+100
1.000000000000000016e+100
1.000000000000000016e+100
1.000000000000000016e+100
1.000000000000000016e+100
1.000000000000000016e+100
1.000000000000000016e+100
1.000000000000000016e+100
1.000000000000000016e+100
1.000000000000000016e+100
1.000000000000000016e+100
1.000000000000000016e+100
1.000000000000000016e+100
1.000000000000000016e+100
1.000000000000000016e+100
1.000000000000000016e+100
1.000000000000000016e+100
1.000000000000000016e+100
1.000000000000000016e+100
1.000000000000000016e+100
1.000000000000000016e+100
1.000000000000000016e+100
1.000000000000000016e+100
1.000000000000000016e+100
1.000000000000000016e+100
1.000000000000000016e+100
1.000000000000000016e+100
1.000000000000000016e+100
1.000000000000000016e+100
1.000000000000000016e+100
1.000000000000000016e+100
1.000000000000000016e+100
1.000000000000000016e+100
1.000000000000000016e+100
1.000000000000000016e+100
1.000000000000000016e+100
1.000000000000000016e+100
1.000000000000000016e+100
1.000000000000000016e+100
1.000000000000000016e+100
1.000000000000000016e+100
1.000000000000000016e+100
1.000000000000000016e+100
1.000000000000000016e+100
1.000000000000000016e+100
1.000000000000000016e+100
1.000000000000000016e+100
1.000000000000000016e+100
1.000000000000000016e+100
1.000000000000000016e+100
1.000000000000000016e+100
1.000000000000000016e+100
1.000000000000000016e+100
1.000000000000000016e+100
1.000000000000000016e+100
1.000000000000000016e+100
1.000000000000000016e+100
1.000000000000000016e+100
1.000000000000000016e+100
1.000000000000000016e+100
1.000000000000000016e+100
1.000000000000000016e+100
1.000000000000000016e+100
1.000000000000000016e+100
1.000000000000000016e+100
1.000000000000000016e+100
1.000000000000000016e+100
1.000000000000000016e+100
1.000000000000000016e+100
1.000000000000000016e+100
1.000000000000000016e+100
1.000000000000000016e+100
1.000000000000000016e+100
1.000000000000000016e+100
1.000000000000000016e+100
1.000000000000000016e+100
1.000000000000000016e+100
1.000000000000000016e+100
1.000000000000000016e+100
1.000000000000000016e+100
1.000000000000000016e+100
1.000000000000000016e+100
1.000000000000000016e+100
1.000000000000000016e+100
1.000000000000000016e+100
1.000000000000000016e+100
1.000000000000000016e+100
1.000000000000000016e+100
1.000000000000000016e+100
1.000000000000000016e+100
1.000000000000000016e+100
1.000000000000000016e+100
1.000000000000000016e+100
1.000000000000000016e+100
1.000000000000000016e+100
1.000000000000000016e+100
1.000000000000000016e+100
1.000000000000000016e+100
1.000000000000000016e+100
1.000000000000000016e+100
1.000000000000000016e+100
1.000000000000000016e+100
1.000000000000000016e+100
1.000000000000000016e+100
1.000000000000000016e+100
1.000000000000000016e+100
1.000000000000000016e+100
1.000000000000000016e+100
1.000000000000000016e+100
1.000000000000000016e+100
1.000000000000000016e+100
1.000000000000000016e+100
1.000000000000000016e+100
1.000000000000000016e+100
1.000000000000000016e+100
1.000000000000000016e+100
1.000000000000000016e+100
1.000000000000000016e+100
1.000000000000000016e+100
1.000000000000000016e+100
1.000000000000000016e+100
1.000000000000000016e+100
1.000000000000000016e+100
1.000000000000000016e+100
1.000000000000000016e+100
1.000000000000000016e+100
1.000000000000000016e+100
1.000000000000000016e+100
1.000000000000000016e+100
1.000000000000000016e+100
1.000000000000000016e+100
1.000000000000000016e+100
1.000000000000000016e+100
1.000000000000000016e+100
1.000000000000000016e+100
1.000000000000000016e+100
1.000000000000000016e+100
1.000000000000000016e+100
1.000000000000000016e+100
1.000000000000000016e+100
1.000000000000000016e+100
1.000000000000000016e+100
1.000000000000000016e+100
1.000000000000000016e+100
1.000000000000000016e+100
1.000000000000000016e+100
1.000000000000000016e+100
1.000000000000000016e+100
1.000000000000000016e+100
1.000000000000000016e+100
1.000000000000000016e+100
1.000000000000000016e+100
1.000000000000000016e+100
1.000000000000000016e+100
1.000000000000000016e+100
1.000000000000000016e+100
1.000000000000000016e+100
1.000000000000000016e+100
1.000000000000000016e+100
1.000000000000000016e+100
1.000000000000000016e+100
1.000000000000000016e+100
1.000000000000000016e+100
1.000000000000000016e+100
1.000000000000000016e+100
1.000000000000000016e+100
1.000000000000000016e+100
1.000000000000000016e+100
1.000000000000000016e+100
1.000000000000000016e+100
1.000000000000000016e+100
1.000000000000000016e+100
1.000000000000000016e+100
1.000000000000000016e+100
1.000000000000000016e+100
1.000000000000000016e+100
1.000000000000000016e+100
1.000000000000000016e+100
1.000000000000000016e+100
1.000000000000000016e+100
1.000000000000000016e+100
1.000000000000000016e+100
1.000000000000000016e+100
1.000000000000000016e+100
1.000000000000000016e+100
1.000000000000000016e+100
1.000000000000000016e+100
1.000000000000000016e+100
1.000000000000000016e+100
1.000000000000000016e+100
1.000000000000000016e+100
1.000000000000000016e+100
1.000000000000000016e+100
1.000000000000000016e+100
1.000000000000000016e+100
1.000000000000000016e+100
1.000000000000000016e+100
1.000000000000000016e+100
1.000000000000000016e+100
1.000000000000000016e+100
1.000000000000000016e+100
1.000000000000000016e+100
1.000000000000000016e+100
1.000000000000000016e+100
1.000000000000000016e+100
1.000000000000000016e+100
1.000000000000000016e+100
1.000000000000000016e+100
1.000000000000000016e+100
1.000000000000000016e+100
1.000000000000000016e+100
1.000000000000000016e+100
1.000000000000000016e+100
1.000000000000000016e+100
1.000000000000000016e+100
1.000000000000000016e+100
1.000000000000000016e+100
1.000000000000000016e+100
1.000000000000000016e+100
1.000000000000000016e+100
1.000000000000000016e+100
1.000000000000000016e+100
1.000000000000000016e+100
1.000000000000000016e+100
1.000000000000000016e+100
1.000000000000000016e+100
1.000000000000000016e+100
1.000000000000000016e+100
1.000000000000000016e+100
1.000000000000000016e+100
1.000000000000000016e+100
1.000000000000000016e+100
1.000000000000000016e+100
1.000000000000000016e+100
1.000000000000000016e+100
1.000000000000000016e+100
1.000000000000000016e+100
1.000000000000000016e+100
1.000000000000000016e+100
1.000000000000000016e+100
1.000000000000000016e+100
1.000000000000000016e+100
1.000000000000000016e+100
1.000000000000000016e+100
1.000000000000000016e+100
1.000000000000000016e+100
1.000000000000000016e+100
1.000000000000000016e+100
1.000000000000000016e+100
1.000000000000000016e+100
1.000000000000000016e+100
1.000000000000000016e+100
1.000000000000000016e+100
1.000000000000000016e+100
1.000000000000000016e+100
1.000000000000000016e+100
1.000000000000000016e+100
1.000000000000000016e+100
1.000000000000000016e+100
1.000000000000000016e+100
1.000000000000000016e+100
1.000000000000000016e+100
1.000000000000000016e+100
1.000000000000000016e+100
1.000000000000000016e+100
1.000000000000000016e+100
1.000000000000000016e+100
1.000000000000000016e+100
1.000000000000000016e+100
1.000000000000000016e+100
1.000000000000000016e+100
1.000000000000000016e+100
1.000000000000000016e+100
1.000000000000000016e+100
1.000000000000000016e+100
1.000000000000000016e+100
1.000000000000000016e+100
1.000000000000000016e+100
1.000000000000000016e+100
1.000000000000000016e+100
1.000000000000000016e+100
1.000000000000000016e+100
1.000000000000000016e+100
1.000000000000000016e+100
1.000000000000000016e+100
1.000000000000000016e+100
1.000000000000000016e+100
1.000000000000000016e+100
1.000000000000000016e+100
1.000000000000000016e+100
1.000000000000000016e+100
1.000000000000000016e+100
1.000000000000000016e+100
1.000000000000000016e+100
1.000000000000000016e+100
1.000000000000000016e+100
1.000000000000000016e+100
1.000000000000000016e+100
1.000000000000000016e+100
1.000000000000000016e+100
1.000000000000000016e+100
1.000000000000000016e+100
1.000000000000000016e+100
1.000000000000000016e+100
1.000000000000000016e+100
1.000000000000000016e+100
1.000000000000000016e+100
1.000000000000000016e+100
1.000000000000000016e+100
1.000000000000000016e+100
1.000000000000000016e+100
1.000000000000000016e+100
1.000000000000000016e+100
1.000000000000000016e+100
1.000000000000000016e+100
1.000000000000000016e+100
1.000000000000000016e+100
1.000000000000000016e+100
1.000000000000000016e+100
1.000000000000000016e+100
1.000000000000000016e+100
1.000000000000000016e+100
1.000000000000000016e+100
1.000000000000000016e+100
1.000000000000000016e+100
1.000000000000000016e+100
1.000000000000000016e+100
1.000000000000000016e+100
1.000000000000000016e+100
1.000000000000000016e+100
1.000000000000000016e+100
1.000000000000000016e+100
1.000000000000000016e+100
1.000000000000000016e+100
1.000000000000000016e+100
1.000000000000000016e+100
1.000000000000000016e+100
1.000000000000000016e+100
1.000000000000000016e+100
1.000000000000000016e+100
1.000000000000000016e+100
1.000000000000000016e+100
1.000000000000000016e+100
1.000000000000000016e+100
1.000000000000000016e+100
1.000000000000000016e+100
1.000000000000000016e+100
1.000000000000000016e+100
1.000000000000000016e+100
1.000000000000000016e+100
1.000000000000000016e+100
1.000000000000000016e+100
1.000000000000000016e+100
1.000000000000000016e+100
1.000000000000000016e+100
1.000000000000000016e+100
1.000000000000000016e+100
1.000000000000000016e+100
1.000000000000000016e+100
1.000000000000000016e+100
1.000000000000000016e+100
1.000000000000000016e+100
1.000000000000000016e+100
1.000000000000000016e+100
1.000000000000000016e+100
1.000000000000000016e+100
1.000000000000000016e+100
1.000000000000000016e+100
1.000000000000000016e+100
1.000000000000000016e+100
1.000000000000000016e+100
1.000000000000000016e+100
1.000000000000000016e+100
1.000000000000000016e+100
1.000000000000000016e+100
1.000000000000000016e+100
1.000000000000000016e+100
1.000000000000000016e+100
1.000000000000000016e+100
1.000000000000000016e+100
